Name,Tm,Lg,W,L,G,GS,GF,CG,SHO,SV,IP,H,R,ER,HR,BB,IBB,SO,HBP,BK,WP,BF,ERA+,FIP,Name-additional
Cory Abbott,WSN,NL,0,5,16,9,7,0,0,0,48.0,44,30,28,12,25,0,45,5,0,2,216,75,6.36,abbotco01
Albert Abreu,TOT,AL,2,2,33,0,11,0,0,0,38.2,35,15,14,5,22,0,38,3,0,6,172,124,4.77,abreual01
Albert Abreu,TEX,AL,0,0,7,0,0,0,0,0,8.2,4,3,3,2,12,0,9,1,0,0,42,132,8.54,abreual01
Albert Abreu,KCR,AL,0,0,4,0,3,0,0,0,4.1,6,2,2,1,4,0,3,1,0,1,22,107,8.19,abreual01
Albert Abreu,NYY,AL,2,2,22,0,8,0,0,0,25.2,25,10,9,2,6,0,26,1,0,5,108,125,2.92,abreual01
Bryan Abreu,HOU,AL,4,0,55,0,18,0,0,2,60.1,45,16,13,2,26,0,88,4,0,7,248,200,2.12,abreubr01
Domingo Acevedo,OAK,AL,4,4,70,0,12,0,0,4,67.2,50,26,25,9,17,4,58,3,1,1,266,113,4.01,acevedo01
Jason Adam,TBR,AL,2,3,67,0,16,0,0,8,63.1,31,12,11,5,17,2,75,6,0,2,237,233,2.86,adamja01
Austin Adams,SDP,NL,1,0,2,0,0,0,0,0,2.1,0,0,0,0,3,0,2,0,0,0,9,,5.25,adamsau02
Joan Adon,WSN,NL,1,12,14,14,0,0,0,0,64.2,76,53,51,8,39,1,55,6,0,7,310,55,5.11,adonjo01
Ehire Adrianza,TOT,NL,0,0,1,0,1,0,0,0,1.0,0,0,0,0,1,0,1,0,0,0,4,,4.11,adriaeh01
Ehire Adrianza,WSN,NL,0,0,1,0,1,0,0,0,1.0,0,0,0,0,1,0,1,0,0,0,4,,4.11,adriaeh01
Keegan Akin*,BAL,AL,3,3,45,1,10,0,0,2,81.2,69,35,29,10,20,0,77,1,0,1,329,126,3.59,akinke01
Hanser Alberto,LAD,NL,0,0,10,0,10,0,0,0,11.0,10,5,5,2,3,0,1,1,0,0,47,105,6.38,alberha01
Jorge Alcala,MIN,AL,0,0,2,0,0,0,0,0,2.1,2,0,0,0,2,0,2,0,0,0,10,,3.97,alcaljo01
Sandy Alcantara,MIA,NL,14,9,32,32,0,6,1,0,228.2,174,67,58,16,50,1,207,9,0,3,886,178,2.99,alcansa01
Jason Alexander,MIL,NL,2,3,18,11,3,0,0,0,71.2,88,47,43,12,28,0,46,4,0,1,321,73,5.34,alexaja01
Scott Alexander*,SFG,NL,0,0,17,4,3,0,0,2,17.1,12,2,2,1,1,0,10,0,0,0,63,395,2.88,alexasc02
Tyler Alexander*,DET,AL,4,11,27,17,1,0,0,0,101.0,108,58,54,18,25,1,61,1,0,0,427,79,4.99,alexaty01
A.J. Alexy,TEX,AL,1,1,4,0,0,0,0,0,7.0,10,9,9,1,9,0,6,0,0,1,38,36,7.11,alexyaj01
Kolby Allard*,TEX,AL,1,2,10,0,4,0,0,1,21.0,21,17,17,9,6,1,19,1,0,0,87,55,7.87,allarko01
Cam Alldred*,PIT,NL,0,0,1,0,0,0,0,0,1.0,1,0,0,0,0,0,1,0,0,0,4,,1.11,alldrca01
Logan Allen*,TOT,AL,1,0,7,0,0,0,0,0,7.2,12,5,5,0,5,0,7,1,0,0,40,72,3.63,allenlo01
Logan Allen*,CLE,AL,1,0,4,0,0,0,0,0,6.0,9,3,3,0,3,0,6,1,0,0,30,90,3.11,allenlo01
Logan Allen*,BAL,AL,0,0,3,0,0,0,0,0,1.2,3,2,2,0,2,0,1,0,0,0,10,46,5.51,allenlo01
Yency Almonte,LAD,NL,0,0,33,0,3,0,0,1,35.1,18,4,4,2,10,1,33,4,0,0,135,414,3.17,almonye01
José Alvarado*,PHI,NL,4,2,59,0,8,0,0,2,51.0,38,21,18,2,24,4,81,1,0,5,214,129,1.92,alvarjo03
Jose Alvarez*,SFG,NL,2,1,21,0,6,0,0,1,15.1,17,10,9,3,9,1,15,2,0,1,76,78,5.85,alvarjo02
R.J. Alvarez,NYM,NL,0,1,1,0,0,0,0,0,2.1,4,3,3,2,3,0,2,0,0,0,13,39,16.40,alvarrj01
Adbert Alzolay,CHC,NL,2,1,6,0,1,0,0,0,13.1,9,5,5,1,2,0,19,1,0,0,52,125,1.91,alzolad01
Chase Anderson,CIN,NL,2,4,9,7,1,0,0,0,24.0,17,18,17,3,15,0,23,3,0,0,103,71,5.07,anderch01
Ian Anderson,ATL,NL,10,6,22,22,0,0,0,0,111.2,115,63,62,12,54,0,97,1,0,4,493,81,4.25,anderia01
Shaun Anderson,TOR,AL,0,0,1,0,1,0,0,0,1.0,4,2,2,0,0,0,0,0,0,0,7,30,3.11,andersh01
Tyler Anderson*,LAD,NL,15,5,30,28,0,0,0,0,178.2,145,57,51,14,34,0,138,9,0,6,707,163,3.31,anderty01
Mark Appel,PHI,NL,0,0,6,0,3,0,0,0,10.1,9,2,2,0,3,0,5,0,0,0,40,241,3.02,appelma01
Víctor Arano,WSN,NL,1,1,43,0,7,0,0,1,42.0,47,30,21,5,12,0,44,4,0,6,187,87,3.71,aranovi01
Chris Archer,MIN,AL,2,8,25,25,0,0,0,0,102.2,87,56,52,12,48,0,84,3,0,3,437,85,4.49,archech01
Orlando Arcia,ATL,NL,0,0,1,0,1,0,0,0,1.0,0,0,0,0,1,0,0,0,0,0,4,,6.11,arciaor01
Kohei Arihara,TEX,AL,1,3,5,4,0,0,0,0,20.0,36,22,21,4,11,0,14,3,0,0,108,42,6.41,arihako01
Shawn Armstrong,TOT,MLB,2,3,50,3,19,0,0,2,61.2,66,32,30,7,17,2,66,4,0,3,269,85,3.47,armstsh01
Shawn Armstrong,MIA,NL,0,0,7,0,1,0,0,0,6.2,10,10,8,1,3,0,5,0,0,1,34,40,4.91,armstsh01
Shawn Armstrong,TBR,AL,2,3,43,3,18,0,0,2,55.0,56,22,22,6,14,2,61,4,0,2,235,101,3.29,armstsh01
Aaron Ashby*,MIL,NL,2,10,27,19,2,0,0,1,107.1,106,62,53,15,47,0,126,6,1,7,475,89,4.06,ashbyaa01
Graham Ashcraft,CIN,NL,5,6,19,19,0,0,0,0,105.0,119,61,57,11,30,1,71,8,0,9,464,92,4.21,ashcrgr01
Javier Assad,CHC,NL,2,2,9,8,0,0,0,0,37.2,35,14,13,4,20,0,30,0,0,1,166,133,4.49,assadja01
Willians Astudillo,MIA,NL,0,0,2,0,2,0,0,0,2.0,0,0,0,0,2,0,0,0,0,0,7,,6.11,astudwi01
Pedro Avila,SDP,NL,0,0,2,0,1,0,0,0,4.0,3,3,2,1,1,0,5,1,0,1,18,91,5.36,avilape01
Michel Báez,SDP,NL,0,0,2,0,2,0,0,0,2.0,1,0,0,0,0,0,2,0,0,1,7,,1.11,baezmi01
Pedro Báez,HOU,AL,0,0,3,0,1,0,0,0,2.1,5,6,3,0,3,0,2,0,1,0,16,39,5.25,baezpe01
Bryan Baker,BAL,AL,4,3,66,2,11,0,0,1,69.2,60,29,27,3,26,1,76,3,0,2,291,115,2.74,bakerbr01
Anthony Banda*,TOT,MLB,1,1,32,1,3,0,0,0,26.2,43,20,20,4,13,2,30,2,0,1,135,63,4.50,bandaan01
Anthony Banda*,TOT,AL,0,1,9,1,2,0,0,0,7.0,9,6,6,1,8,0,8,1,0,0,37,56,6.54,bandaan01
Anthony Banda*,PIT,NL,1,0,23,0,1,0,0,0,19.2,34,14,14,3,5,2,22,1,0,1,98,66,3.77,bandaan01
Anthony Banda*,TOR,AL,0,1,7,1,2,0,0,0,6.1,7,3,3,1,3,0,7,0,0,0,27,97,4.38,bandaan01
Anthony Banda*,NYY,AL,0,0,2,0,0,0,0,0,0.2,2,3,3,0,5,0,1,1,0,0,10,15,27.11,bandaan01
Tanner Banks*,CHW,AL,2,0,35,0,15,0,0,0,53.0,42,25,18,5,18,0,49,1,0,2,217,131,3.56,banksta01
Manny Banuelos*,TOT,MLB,2,1,35,0,7,0,0,1,41.0,32,23,20,2,21,1,42,3,0,0,175,95,3.45,banuema01
Manny Banuelos*,NYY,AL,0,0,4,0,3,0,0,1,8.1,7,2,2,0,3,0,8,0,0,0,35,188,2.27,banuema01
Manny Banuelos*,PIT,NL,2,1,31,0,4,0,0,0,32.2,25,21,18,2,18,1,34,3,0,0,140,84,3.75,banuema01
Daniel Bard,COL,NL,6,4,57,0,48,0,0,34,60.1,35,15,12,3,25,1,69,3,0,3,245,262,2.86,bardda01
Luke Bard,TOT,AL,1,1,9,0,5,0,0,0,15.0,7,3,3,0,7,0,8,2,1,0,59,213,3.85,bardlu01
Luke Bard,TBR,AL,1,1,8,0,4,0,0,0,14.0,7,3,3,0,7,0,8,2,1,0,56,193,3.90,bardlu01
Luke Bard,NYY,AL,0,0,1,0,1,0,0,0,1.0,0,0,0,0,0,0,0,0,0,0,3,,3.11,bardlu01
Luke Barker,MIL,NL,0,0,3,0,2,0,0,0,4.0,7,5,5,2,0,0,3,0,0,1,19,38,8.11,barkelu01
Joe Barlow,TEX,AL,3,1,35,0,26,0,0,13,35.0,27,18,15,5,13,0,28,4,0,0,146,103,4.83,barlojo01
Scott Barlow,KCR,AL,7,4,69,0,47,0,0,24,74.1,52,23,18,9,22,1,77,3,0,5,290,188,3.62,barlosc01
Jacob Barnes,TOT,AL,3,1,23,0,3,0,0,0,22.1,23,14,14,3,9,0,12,2,0,1,97,69,5.26,barneja01
Jacob Barnes,DET,AL,3,1,22,0,2,0,0,0,20.2,21,14,14,3,9,0,10,1,0,1,89,63,5.48,barneja01
Jacob Barnes,NYY,AL,0,0,1,0,1,0,0,0,1.2,2,0,0,0,0,0,2,1,0,0,8,,2.51,barneja01
Matt Barnes,BOS,AL,0,4,44,0,16,0,0,8,39.2,36,22,19,2,21,1,34,3,0,4,176,98,3.87,barnema01
Tucker Barnhart,DET,AL,0,0,1,0,1,0,0,0,1.0,3,1,1,0,0,0,0,0,0,0,5,59,3.11,barnhtu01
Kyle Barraclough,LAA,AL,0,1,8,0,3,0,0,0,9.0,7,3,3,0,4,0,9,0,0,2,37,139,2.45,barraky01
Jaime Barria,LAA,AL,3,3,35,1,21,0,0,0,79.1,63,29,23,11,19,0,54,3,0,3,316,154,4.39,barrija01
Anthony Bass,TOT,MLB,4,3,73,0,12,0,0,0,70.1,51,15,12,6,20,1,73,0,0,2,275,263,3.00,bassan01
Anthony Bass,MIA,NL,2,3,45,0,7,0,0,0,44.2,32,10,7,1,10,0,45,0,0,1,173,290,2.06,bassan01
Anthony Bass,TOR,AL,2,0,28,0,5,0,0,0,25.2,19,5,5,5,10,1,28,0,0,1,102,225,4.63,bassan01
Chris Bassitt,NYM,NL,15,9,30,30,0,0,0,0,181.2,159,71,69,19,49,0,167,13,1,5,745,113,3.66,bassich01
Matthew Batten,SDP,NL,0,0,2,0,2,0,0,0,2.0,2,1,1,1,0,0,1,0,0,0,8,100,8.61,battema01
Mike Baumann,BAL,AL,1,3,13,4,2,0,0,0,34.1,43,19,18,3,9,0,23,2,0,1,149,86,3.87,baumami01
Félix Bautista,BAL,AL,4,4,65,0,30,0,0,15,65.2,38,18,16,7,23,1,88,1,0,2,253,183,2.91,bautife01
Shane Baz,TBR,AL,1,2,6,6,0,0,0,0,27.0,27,15,15,5,9,0,30,1,0,2,117,73,4.41,bazsh01
Eduard Bazardo,BOS,AL,1,0,12,0,4,0,0,0,16.1,12,5,5,4,4,0,11,2,0,1,65,156,6.05,bazared01
Jeremy Beasley,TOR,AL,0,0,9,0,5,0,0,0,15.0,14,9,8,4,5,0,19,2,0,0,64,83,5.45,beaslje01
David Bednar,PIT,NL,3,4,45,0,34,0,0,19,51.2,42,19,15,4,16,2,69,1,1,2,210,159,2.43,bednada01
Tyler Beede,TOT,NL,2,5,31,5,6,0,0,0,61.1,71,37,35,7,29,2,39,5,0,5,285,81,4.99,beedety01
Tyler Beede,SFG,NL,0,0,6,0,3,0,0,0,9.2,14,5,5,1,6,0,4,0,0,1,48,90,5.49,beedety01
Tyler Beede,PIT,NL,2,5,25,5,3,0,0,0,51.2,57,32,30,6,23,2,35,5,0,4,237,80,4.89,beedety01
Jalen Beeks*,TBR,AL,2,3,42,7,8,0,0,2,61.0,49,22,19,7,22,0,70,2,0,3,250,130,3.49,beeksja02
Andrew Bellatti,PHI,NL,4,4,59,1,16,0,0,2,54.1,47,25,20,5,25,1,78,1,0,1,230,123,2.87,bellaan01
Brayan Bello,BOS,AL,2,8,13,11,0,1,0,0,57.1,75,34,30,1,27,1,55,2,0,2,268,90,2.94,bellobr01
Anthony Bender,MIA,NL,1,3,22,0,11,0,0,6,19.1,17,7,7,3,8,0,17,1,0,1,78,127,4.77,bendean01
Brennan Bernardino*,SEA,AL,0,1,2,0,2,0,0,0,2.1,3,3,1,0,2,1,0,0,0,0,13,113,5.68,bernabr01
José Berríos,TOR,AL,12,7,32,32,0,0,0,0,172.0,199,103,100,29,45,0,149,11,0,3,753,74,4.55,berrijo01
Christian Bethancourt,TOT,AL,0,0,4,0,4,0,0,0,4.0,6,1,1,1,1,0,1,0,0,0,19,196,6.61,bethach01
Christian Bethancourt,OAK,AL,0,0,1,0,1,0,0,0,1.0,0,0,0,0,1,0,0,0,0,0,4,,6.11,bethach01
Christian Bethancourt,TBR,AL,0,0,3,0,3,0,0,0,3.0,6,1,1,1,0,0,1,0,0,0,15,137,6.78,bethach01
Phil Bickford,LAD,NL,2,1,60,0,13,0,0,0,61.0,53,33,32,12,14,0,67,2,0,0,247,89,4.26,bickfph01
Shane Bieber,CLE,AL,13,8,31,31,0,1,0,0,200.0,172,70,64,18,36,0,198,2,1,5,791,132,2.87,biebesh01
Brandon Bielak,HOU,AL,0,0,5,0,2,0,0,0,12.1,11,5,5,2,4,0,12,3,0,1,54,109,4.98,bielabr01
Jake Bird,COL,NL,2,4,38,0,11,0,0,0,47.2,45,29,26,7,23,3,42,4,0,4,211,96,4.96,birdja01
Ty Blach*,COL,NL,1,0,24,1,10,0,0,1,44.1,51,29,29,4,11,2,29,2,0,1,193,80,3.86,blachty01
Paul Blackburn,OAK,AL,7,6,21,21,0,0,0,0,111.1,110,53,53,15,30,2,89,5,0,1,467,87,4.21,blackpa01
Ronel Blanco,HOU,AL,0,0,7,0,3,0,0,0,6.1,8,5,5,1,4,0,7,1,0,0,32,58,5.32,blancro01
Richard Bleier*,MIA,NL,2,2,55,1,12,0,0,1,50.2,63,22,20,3,10,3,32,1,3,3,222,115,3.27,bleieri01
Ronald Bolaños,KCR,AL,0,0,8,0,4,0,0,0,18.1,20,9,9,2,12,1,12,3,0,1,87,94,5.68,bolanro01
Ryan Borucki*,TOT,AL,2,0,32,0,4,0,0,0,25.1,24,16,16,6,11,0,21,2,0,5,111,68,6.07,borucry01
Ryan Borucki*,TOR,AL,0,0,11,0,2,0,0,0,6.1,7,7,7,2,5,0,8,1,0,0,33,41,7.53,borucry01
Ryan Borucki*,SEA,AL,2,0,21,0,2,0,0,0,19.0,17,9,9,4,6,0,13,1,0,5,78,88,5.59,borucry01
Brad Boxberger,MIL,NL,4,3,70,0,9,0,0,1,64.0,52,23,21,6,27,1,68,2,0,0,268,134,3.57,boxbebr01
Matthew Boyd*,SEA,AL,2,0,10,0,1,0,0,0,13.1,5,2,2,0,8,3,13,1,0,0,53,282,3.19,boydma01
Silvino Bracho,ATL,NL,0,0,3,0,2,0,0,0,4.1,3,3,3,2,1,0,4,1,0,0,18,71,8.65,brachsi01
Kyle Bradish,BAL,AL,4,7,23,23,0,0,0,0,117.2,119,68,64,17,46,0,111,7,0,7,509,82,4.45,bradiky01
Archie Bradley,LAA,AL,0,1,21,0,6,0,0,2,18.2,17,13,10,1,7,1,15,0,0,1,78,85,3.33,bradlar01
Jackie Bradley Jr.,TOT,AL,0,0,1,0,1,0,0,0,1.0,1,1,1,0,3,0,1,0,0,0,7,81,10.11,bradlja02
Jackie Bradley Jr.,BOS,AL,0,0,1,0,1,0,0,0,1.0,1,1,1,0,3,0,1,0,0,0,7,64,10.11,bradlja02
Matt Brash,SEA,AL,4,4,39,5,3,0,0,0,50.2,46,25,25,3,33,1,62,2,0,3,222,84,3.51,brashma01
Ryan Brasier,BOS,AL,0,3,68,0,11,0,0,1,62.1,68,43,40,9,13,1,64,1,0,1,263,73,3.61,brasiry01
Steven Brault*,CHC,NL,0,0,9,0,1,0,0,0,9.0,8,4,3,0,5,0,8,1,0,1,39,142,3.33,braulst01
Huascar Brazoban,MIA,NL,1,1,27,0,2,0,0,0,32.0,26,13,11,3,21,1,40,2,0,7,141,133,3.99,brazohu01
John Brebbia,SFG,NL,6,2,76,11,4,0,0,0,68.0,71,27,24,5,18,2,54,1,0,0,288,127,3.32,brebbjo01
Jake Brentz*,KCR,AL,0,3,8,0,1,0,0,0,5.1,11,15,14,1,10,0,9,1,0,2,38,18,8.36,brentja01
Austin Brice,PIT,NL,0,0,4,0,2,0,0,0,6.2,4,3,3,0,3,0,5,0,0,0,27,108,2.96,briceau01
Beau Brieske,DET,AL,3,6,15,15,0,0,0,0,81.2,73,39,38,14,25,0,54,1,1,2,339,90,4.97,briesbe01
Jeff Brigham,MIA,NL,0,1,16,0,2,0,0,1,24.0,22,10,9,3,10,0,28,0,0,1,101,122,3.65,brighje01
Zack Britton*,NYY,AL,0,0,3,0,0,0,0,0,0.2,1,1,1,0,6,0,1,0,0,1,9,46,27.11,brittza01
Connor Brogdon,PHI,NL,2,2,47,0,11,0,0,2,44.0,44,16,16,6,11,0,50,1,0,3,188,125,3.43,brogdco01
Aaron Brooks,STL,NL,0,0,5,0,3,0,0,0,9.1,11,8,8,3,2,0,7,1,0,0,43,52,6.75,brookaa01
Mike Brosseau,MIL,NL,0,0,3,0,3,0,0,0,3.0,2,0,0,0,1,0,0,0,0,0,13,,4.11,brossmi01
Hunter Brown,HOU,AL,2,0,7,2,0,0,0,0,20.1,15,2,2,0,7,0,22,0,0,0,80,443,1.98,brownhu01
JT Brubaker,PIT,NL,3,12,28,28,0,0,0,0,144.0,157,85,75,17,54,0,147,9,2,6,646,88,3.92,brubajt01
Justin Bruihl*,LAD,NL,1,1,24,0,11,0,0,1,23.2,22,11,10,4,6,2,13,3,0,0,100,111,5.35,bruihju01
Kris Bubic*,KCR,AL,3,13,28,27,1,0,0,0,129.0,156,87,80,18,63,0,110,4,1,4,587,73,4.78,bubickr01
Walker Buehler,LAD,NL,6,3,12,12,0,1,1,0,65.0,67,30,29,8,17,0,58,2,0,1,274,105,3.80,buehlwa01
Madison Bumgarner*,ARI,NL,7,15,30,30,0,0,0,0,158.2,179,97,86,25,49,0,112,9,0,2,698,82,4.85,bumgama01
Aaron Bummer*,CHW,AL,2,1,32,0,3,0,0,2,26.2,30,11,7,2,10,0,30,2,0,0,117,170,3.19,bummeaa01
Dylan Bundy,MIN,AL,8,8,29,29,0,0,0,0,140.0,151,79,76,24,28,0,94,3,0,3,595,79,4.66,bundydy01
Brock Burke*,TEX,AL,7,5,52,0,5,0,0,0,82.1,63,25,18,9,24,1,90,2,1,2,328,200,3.29,burkebr01
Corbin Burnes,MIL,NL,12,8,33,33,0,0,0,0,202.0,144,73,66,23,51,0,243,13,0,10,797,134,3.14,burneco01
Ryan Burr,CHW,AL,1,1,8,0,2,0,0,0,9.0,8,7,6,3,4,0,7,0,0,0,39,69,7.22,burrry01
Matt Bush,TOT,MLB,2,3,65,6,11,0,0,3,59.2,43,31,23,11,18,2,74,3,0,4,244,115,4.08,bushma01
Matt Bush,TEX,AL,2,1,40,5,7,0,0,1,36.2,27,16,12,5,10,0,45,2,0,3,151,135,3.41,bushma01
Matt Bush,MIL,NL,0,2,25,1,4,0,0,2,23.0,16,15,11,6,8,2,29,1,0,1,93,93,5.16,bushma01
José Butto,NYM,NL,0,0,1,1,0,0,0,0,4.0,9,7,7,2,2,0,5,0,0,0,23,27,8.61,buttojo01
Edward Cabrera,MIA,NL,6,4,14,14,0,0,0,0,71.2,44,24,24,10,33,0,75,9,0,2,291,135,4.59,cabreed02
Génesis Cabrera*,STL,NL,4,2,39,0,4,0,0,1,44.2,39,24,23,8,20,3,32,4,0,1,194,83,5.62,cabrege01
Yennier Cano,TOT,AL,1,1,13,0,3,0,0,0,18.0,26,23,23,3,16,0,21,1,0,2,97,35,5.78,canoye01
Yennier Cano,MIN,AL,1,0,10,0,2,0,0,0,13.2,17,14,14,3,11,0,14,1,0,2,70,43,6.55,canoye01
Yennier Cano,BAL,AL,0,1,3,0,1,0,0,0,4.1,9,9,9,0,5,0,7,0,0,0,27,23,3.34,canoye01
Victor Caratini,MIL,NL,0,0,1,0,1,0,0,0,1.0,2,3,3,0,1,0,0,1,0,0,7,20,9.11,caratvi01
Drew Carlton,DET,AL,0,0,5,0,4,0,0,0,8.2,4,4,2,1,0,0,7,0,0,1,32,190,3.00,carltdr01
Carlos Carrasco,NYM,NL,15,7,29,29,0,0,0,0,152.0,161,71,67,17,41,2,152,8,0,5,645,97,3.53,carraca01
Daniel Castano*,MIA,NL,1,3,10,7,3,0,0,0,35.2,42,20,16,5,9,0,20,2,0,2,156,101,4.74,castada01
Ryan Castellani,OAK,AL,0,0,3,0,1,0,0,0,2.2,2,1,0,0,0,0,1,0,0,2,11,,2.36,castery01
Humberto Castellanos,ARI,NL,3,2,11,9,1,0,0,0,44.1,50,29,28,7,12,0,32,4,0,2,194,71,4.80,castehu01
Diego Castillo,SEA,AL,7,3,59,0,23,0,0,7,54.1,40,27,22,5,22,4,53,2,0,1,222,102,3.68,castidi01
Diego Castillo,PIT,NL,0,0,2,0,2,0,0,0,2.0,6,8,8,1,3,0,1,1,0,0,15,14,14.61,castidi02
José Castillo*,SDP,NL,0,0,1,0,0,0,0,0,1.0,1,1,1,0,1,0,1,0,0,0,5,58,4.11,castijo03
Luis Castillo,TOT,MLB,8,6,25,25,0,0,0,0,150.1,118,56,50,13,45,0,167,8,1,0,615,138,3.07,castilu02
Luis Castillo,CIN,NL,4,4,14,14,0,0,0,0,85.0,63,30,27,7,28,0,90,4,1,0,349,157,3.19,castilu02
Luis Castillo,SEA,AL,4,2,11,11,0,0,0,0,65.1,55,26,23,6,17,0,77,4,0,0,266,117,2.91,castilu02
Luis Castillo,DET,AL,0,0,3,0,1,0,0,0,3.2,2,0,0,0,0,0,4,0,0,0,14,,0.93,castilu03
Max Castillo,TOT,AL,0,2,14,6,4,0,0,0,39.1,38,28,26,8,15,0,37,2,0,2,170,68,5.17,castima03
Max Castillo,TOR,AL,0,0,9,2,4,0,0,0,20.2,15,9,7,4,5,0,20,0,0,1,81,130,4.42,castima03
Max Castillo,KCR,AL,0,2,5,4,0,0,0,0,18.2,23,19,19,4,10,0,17,2,0,1,89,45,6.00,castima03
Anthony Castro,CLE,AL,0,0,12,0,2,0,0,0,13.1,19,15,11,5,10,0,12,0,0,1,65,53,8.44,castran02
Harold Castro,DET,AL,0,0,4,0,3,0,0,0,4.0,6,2,2,0,1,0,1,1,0,0,18,92,4.11,castrha01
Kervin Castro,TOT,NL,0,1,10,0,6,0,0,0,12.1,15,14,14,3,7,0,11,0,0,0,57,42,6.19,castrke01
Kervin Castro,SFG,NL,0,0,2,0,1,0,0,0,1.2,4,5,5,0,2,0,4,0,0,0,11,18,1.91,castrke01
Kervin Castro,CHC,NL,0,1,8,0,5,0,0,0,10.2,11,9,9,3,5,0,7,0,0,0,46,56,6.86,castrke01
Miguel Castro,NYY,AL,5,0,34,0,2,0,0,0,29.0,27,16,13,2,15,0,31,4,0,2,131,98,3.84,castrmi01
Cade Cavalli,WSN,NL,0,1,1,1,0,0,0,0,4.1,6,7,7,0,2,0,6,3,0,0,23,29,3.80,cavalca01
Dylan Cease,CHW,AL,14,8,32,32,0,1,1,0,184.0,126,55,45,16,78,2,227,3,1,7,747,180,3.10,ceasedy01
Luis Cessa,CIN,NL,4,4,46,10,1,0,0,0,80.2,76,44,41,14,28,0,59,2,0,3,336,98,5.02,cessalu01
Jhoulys Chacín,COL,NL,4,2,35,0,7,0,0,0,47.1,55,44,40,7,21,0,37,2,0,3,219,62,4.93,chacijh01
Andrew Chafin*,DET,AL,2,3,64,0,10,0,0,3,57.1,48,26,18,5,19,0,67,3,0,4,243,134,3.06,chafian01
Yu Chang,TOT,AL,0,0,2,0,2,0,0,0,2.0,6,3,3,1,0,0,0,0,0,0,11,44,9.61,changyu01
Yu Chang,TBR,AL,0,0,2,0,2,0,0,0,2.0,6,3,3,1,0,0,0,0,0,0,11,32,9.61,changyu01
Aroldis Chapman*,NYY,AL,4,4,43,0,19,0,0,9,36.1,24,18,18,4,28,0,43,1,0,6,160,88,4.57,chapmar01
JT Chargois,TBR,AL,2,0,21,3,3,0,0,0,22.1,16,7,6,3,5,0,17,2,0,0,86,152,4.28,chargjt01
Jesse Chavez,TOT,MLB,4,3,60,1,14,0,0,0,69.1,71,34,29,8,20,0,74,1,1,2,292,109,3.39,chaveje01
Jesse Chavez,TOT,NL,3,3,49,1,8,0,0,0,58.2,56,22,20,6,16,0,64,1,1,2,242,134,3.13,chaveje01
Jesse Chavez,CHC,NL,0,0,3,0,0,0,0,0,5.2,7,4,4,1,2,0,3,0,0,0,24,69,5.41,chaveje01
Jesse Chavez,LAA,AL,1,0,11,0,6,0,0,0,10.2,15,12,9,2,4,0,10,0,0,0,50,55,4.80,chaveje01
Jesse Chavez,ATL,NL,3,3,46,1,8,0,0,0,53.0,49,18,16,5,14,0,61,1,1,2,218,150,2.89,chaveje01
Yonny Chirinos,TBR,AL,1,0,2,1,0,0,0,0,7.0,7,0,0,0,1,0,6,1,0,1,30,,2.25,chiriyo01
Adam Cimber,TOR,AL,10,6,77,0,15,0,0,4,70.2,66,28,22,6,13,1,58,8,0,1,293,139,3.47,cimbead01
Steve Cishek,WSN,NL,1,4,69,0,12,0,0,1,66.1,54,33,31,11,27,1,74,13,0,3,287,93,4.85,cishest01
José Cisnero,DET,AL,1,0,28,0,6,0,0,0,25.0,15,4,3,0,19,0,23,1,0,1,105,354,3.67,cisnejo01
Aaron Civale,CLE,AL,5,6,20,20,0,0,0,0,97.0,93,58,53,14,22,1,98,7,0,1,407,78,3.86,civalaa01
Taylor Clarke,KCR,AL,3,1,47,0,8,0,0,3,49.0,50,25,22,6,8,0,48,1,0,3,203,102,3.30,clarkta01
Emmanuel Clase,CLE,AL,3,4,77,0,67,0,0,42,72.2,43,18,11,3,10,2,77,1,0,4,271,281,1.98,claseem01
Alex Claudio*,NYM,NL,0,0,3,0,2,0,0,0,3.1,1,0,0,0,2,0,2,0,0,0,13,,3.71,claudal01
Sam Clay*,TOT,NL,0,0,7,0,1,0,0,0,5.1,4,6,5,1,4,0,5,4,0,0,29,53,8.17,claysa01
Sam Clay*,WSN,NL,0,0,6,0,0,0,0,0,4.1,3,5,5,1,3,0,3,4,0,0,23,41,9.57,claysa01
Sam Clay*,NYM,NL,0,0,1,0,1,0,0,0,1.0,1,1,0,0,1,0,2,0,0,0,6,,2.11,claysa01
Garrett Cleavinger*,TOT,MLB,1,1,17,0,3,0,0,0,23.0,14,12,10,2,7,0,32,1,0,0,92,98,2.50,cleavga01
Garrett Cleavinger*,LAD,NL,0,1,4,0,1,0,0,0,4.1,6,7,5,1,3,0,7,1,0,0,24,44,5.65,cleavga01
Garrett Cleavinger*,TBR,AL,1,0,13,0,2,0,0,0,18.2,8,5,5,1,4,0,25,0,0,0,68,153,1.77,cleavga01
Kody Clemens,DET,AL,0,0,7,0,6,0,0,0,7.0,12,3,3,0,1,0,1,0,0,0,33,103,3.25,clemeko01
Ernie Clement,TOT,AL,0,0,2,0,2,0,0,0,2.0,6,4,4,2,0,0,0,0,0,1,11,30,16.11,clemeer01
Ernie Clement,CLE,AL,0,0,2,0,2,0,0,0,2.0,6,4,4,2,0,0,0,0,0,1,11,25,16.11,clemeer01
Mike Clevinger,SDP,NL,7,7,23,22,0,0,0,0,114.1,102,56,55,20,35,0,91,10,0,3,485,86,4.97,clevimi01
Tyler Clippard,WSN,NL,0,0,4,0,3,0,0,0,5.0,6,4,4,1,4,0,4,3,0,0,28,58,8.31,clippty01
Alex Cobb,SFG,NL,7,8,28,28,0,0,0,0,149.2,152,72,62,9,43,0,151,3,1,4,631,108,2.80,cobbal01
Gerrit Cole,NYY,AL,13,8,33,33,0,0,0,0,200.2,154,81,78,33,50,0,257,2,2,2,793,111,3.47,colege01
Dylan Coleman,KCR,AL,5,2,68,0,9,0,0,0,68.0,47,26,21,5,37,1,71,6,0,7,289,148,3.88,colemdy01
Alex Colomé,COL,NL,2,7,53,0,13,0,0,4,47.0,57,36,30,5,22,2,32,0,1,4,215,82,4.54,colomal01
Roansy Contreras,PIT,NL,5,5,21,18,1,0,0,0,95.0,82,45,40,13,39,1,86,2,0,11,408,110,4.38,contrro01
Sam Coonrod,PHI,NL,0,0,12,0,3,0,0,0,12.2,12,12,11,1,7,0,12,3,0,1,58,53,4.61,coonrsa01
Patrick Corbin*,WSN,NL,6,19,31,31,0,1,0,0,152.2,210,119,107,27,49,1,128,7,0,2,713,62,4.83,corbipa01
Nestor Cortes*,NYY,AL,12,4,28,28,0,1,1,0,158.1,108,44,43,16,38,0,163,2,0,1,615,159,3.12,cortene01
Jharel Cotton,TOT,MLB,4,2,30,0,9,0,0,0,43.0,34,20,17,7,20,0,39,2,0,3,181,111,4.95,cottojh01
Jharel Cotton,MIN,AL,2,2,25,0,7,0,0,0,35.0,23,13,11,7,16,0,31,2,0,2,144,137,5.48,cottojh01
Jharel Cotton,SFG,NL,2,0,5,0,2,0,0,0,8.0,11,7,6,0,4,0,8,0,0,1,37,62,2.61,cottojh01
Danny Coulombe*,MIN,AL,0,0,10,0,3,0,0,0,12.1,7,3,2,0,9,0,9,0,0,1,53,272,3.84,couloda01
Jake Cousins,MIL,NL,2,1,12,0,6,0,0,0,13.1,10,4,4,1,8,1,21,2,0,4,59,150,3.19,cousija01
Kutter Crawford,BOS,AL,3,6,21,12,3,0,0,0,77.1,81,49,47,12,29,1,77,2,1,4,334,77,4.34,crawfku01
Kyle Crick,CHW,AL,2,0,14,0,3,0,0,0,15.2,10,7,7,0,11,0,19,2,0,0,66,101,3.18,crickky01
Nabil Crismatt,SDP,NL,5,2,50,1,14,0,0,0,67.1,57,29,22,5,22,1,65,2,2,0,280,128,3.22,crismna01
Cooper Criswell,TBR,AL,0,0,1,1,0,0,0,0,3.1,2,1,1,0,1,0,4,0,0,0,13,151,1.61,criswco01
Wil Crowe,PIT,NL,6,10,60,1,20,0,0,4,76.0,68,40,37,8,38,0,68,3,0,3,332,95,4.31,crowewi01
Fernando Cruz,CIN,NL,0,1,14,2,1,0,0,0,14.2,9,3,2,1,9,0,21,1,0,1,64,372,3.18,cruzfe01
Jesus Cruz,ATL,NL,0,0,7,0,4,0,0,0,8.2,8,6,6,3,4,0,6,1,0,0,39,68,7.96,cruzje01
Jose Cuas,KCR,AL,4,2,47,0,4,0,0,1,37.2,39,18,15,2,24,2,34,6,0,1,180,115,4.39,cuasjo01
Johnny Cueto,CHW,AL,8,10,25,24,0,1,0,0,158.1,161,66,59,15,33,2,102,6,1,2,651,118,3.79,cuetojo01
Charlie Culberson,TEX,AL,0,0,2,0,2,0,0,0,2.0,1,0,0,0,1,0,0,0,0,0,8,,4.61,culbech01
Xzavion Curry,CLE,AL,0,1,2,2,0,0,0,0,9.1,13,7,6,1,6,0,3,1,0,0,47,69,6.11,curryxz01
Tyler Cyr,TOT,MLB,1,0,12,0,3,0,0,0,13.1,11,4,4,2,5,0,16,1,0,0,55,147,4.01,cyrty01
Tyler Cyr,PHI,NL,0,0,1,0,1,0,0,0,0.1,2,1,1,1,0,0,0,0,0,0,3,32,42.11,cyrty01
Tyler Cyr,OAK,AL,1,0,11,0,2,0,0,0,13.0,9,3,3,1,5,0,16,1,0,0,52,185,3.04,cyrty01
Tyler Danish,BOS,AL,3,1,32,0,10,0,0,0,40.1,40,24,23,7,12,0,32,4,0,1,173,82,4.97,danisty01
Yu Darvish,SDP,NL,16,8,30,30,0,0,0,0,194.2,148,67,67,22,37,0,197,12,1,4,771,121,3.31,darviyu01
Tucker Davidson*,TOT,MLB,2,7,12,11,1,0,0,0,52.0,54,39,39,7,35,0,33,3,0,1,243,60,5.79,davidtu01
Tucker Davidson*,ATL,NL,1,2,4,3,1,0,0,0,15.1,15,11,11,0,13,0,10,1,0,0,74,64,4.55,davidtu01
Tucker Davidson*,LAA,AL,1,5,8,8,0,0,0,0,36.2,39,28,28,7,22,0,23,2,0,1,169,59,6.30,davidtu01
Zach Davies,ARI,NL,2,5,27,27,0,0,0,0,134.1,122,66,61,21,52,0,102,2,0,1,570,98,4.83,davieza02
Austin Davis*,TOT,AL,2,1,52,3,12,0,0,0,56.0,57,39,36,5,33,1,64,5,0,1,264,73,4.02,davisau01
Austin Davis*,BOS,AL,2,1,50,3,10,0,0,0,54.1,56,36,33,5,29,1,61,5,0,1,254,77,3.94,davisau01
Austin Davis*,MIN,AL,0,0,2,0,2,0,0,0,1.2,1,3,3,0,4,0,3,0,0,0,10,29,6.71,davisau01
Noah Davis,COL,NL,0,0,1,0,0,0,0,0,1.0,3,2,2,1,1,0,2,0,0,0,7,34,15.11,davisno01
Angel De Jesus,DET,AL,0,0,8,0,3,0,0,0,12.2,9,3,3,2,4,0,7,2,0,2,54,182,5.48,dejesan01
Chase De Jong,PIT,NL,6,3,42,0,16,0,0,1,71.2,52,24,21,10,30,1,59,5,0,4,293,158,4.74,dejonch01
Enyel De Los Santos,CLE,AL,5,0,50,0,11,0,0,1,53.1,40,18,18,3,17,1,61,2,1,3,215,126,2.62,delosen01
Yerry De Los Santos,PIT,NL,0,3,26,0,13,0,0,3,25.2,22,18,14,3,11,1,26,1,0,0,112,85,4.01,delosye01
Jacob deGrom,NYM,NL,5,4,11,11,0,0,0,0,64.1,40,22,22,9,8,0,102,0,0,0,239,126,2.13,degroja01
Matt Dermody*,CHC,NL,0,0,1,0,1,0,0,0,1.0,2,2,2,0,2,1,1,0,0,0,7,31,7.11,dermoma01
Anthony DeSclafani,SFG,NL,0,2,5,5,0,0,0,0,19.0,34,21,14,4,4,0,17,1,0,0,94,62,4.85,desclan01
Reid Detmers*,LAA,AL,7,6,25,25,0,1,1,0,129.0,110,56,54,13,46,1,122,8,0,2,539,106,3.79,detmere01
Ross Detwiler*,CIN,NL,0,2,30,0,7,0,0,1,26.1,31,13,13,5,10,2,28,3,0,0,122,102,4.93,detwiro01
Chris Devenski,TOT,NL,2,1,13,0,1,0,0,0,14.2,21,14,14,3,1,0,12,1,0,0,67,49,4.54,devench02
Chris Devenski,ARI,NL,2,1,10,0,0,0,0,0,10.2,14,9,9,2,1,0,9,1,0,0,48,55,4.42,devench02
Chris Devenski,PHI,NL,0,0,3,0,1,0,0,0,4.0,7,5,5,1,0,0,3,0,0,0,19,39,4.86,devench02
Alexis Díaz,CIN,NL,7,3,59,0,20,0,0,10,63.2,28,18,13,5,33,3,83,5,0,7,255,244,3.32,diazal03
Edwin Díaz,NYM,NL,3,1,61,0,49,0,0,32,62.0,34,9,9,3,18,1,118,2,0,2,235,297,0.90,diazed04
Jhonathan Diaz*,LAA,AL,1,1,4,3,1,0,0,0,15.1,13,5,5,1,10,0,11,0,0,0,66,140,4.48,diazjh01
Miguel Diaz,DET,AL,0,0,3,0,0,0,0,0,3.2,1,1,1,0,2,0,3,0,0,1,14,171,3.11,diazmi02
Corey Dickerson,STL,NL,0,0,1,0,1,0,0,0,1.0,2,0,0,0,1,0,0,0,0,0,6,,6.11,dickeco01
Phillip Diehl*,CIN,NL,0,0,5,0,1,0,0,0,5.2,8,7,7,3,3,1,3,0,0,1,28,43,10.52,diehlph01
Jake Diekman*,TOT,AL,5,4,70,0,10,0,0,1,57.2,52,40,32,9,42,2,79,8,0,7,269,83,5.00,diekmja01
Jake Diekman*,BOS,AL,5,1,44,0,8,0,0,1,38.1,27,22,18,5,30,1,51,6,0,5,171,100,4.96,diekmja01
Jake Diekman*,CHW,AL,0,3,26,0,2,0,0,0,19.1,25,18,14,4,12,1,28,2,0,2,98,62,5.08,diekmja01
Marcos Diplán,BAL,AL,0,0,5,0,2,0,0,0,5.2,4,2,1,0,5,0,8,0,0,0,27,269,2.94,diplama01
Seranthony Domínguez,PHI,NL,6,5,54,0,16,0,0,9,51.0,36,18,17,4,22,1,61,1,0,3,207,136,3.09,dominse01
Sean Doolittle*,WSN,NL,0,0,6,0,0,0,0,0,5.1,1,0,0,0,0,0,6,0,0,0,17,,0.86,doolise01
Camilo Doval,SFG,NL,6,6,68,0,51,0,0,27,67.2,54,27,19,4,30,2,80,3,0,4,286,160,2.98,dovalca01
Kyle Dowdy,CIN,NL,0,0,2,0,0,0,0,0,6.1,5,0,0,0,3,0,3,1,0,0,27,,4.06,dowdyky01
Hunter Dozier,KCR,AL,0,0,1,0,1,0,0,0,1.0,2,2,2,1,1,0,0,0,0,0,6,31,19.11,doziehu01
Daniel Duarte,CIN,NL,0,0,3,0,1,0,0,0,2.2,3,3,3,1,3,0,2,0,0,0,14,50,9.86,duartda01
Tyler Duffey,MIN,AL,2,4,40,0,10,0,0,2,44.0,45,24,24,8,15,1,39,1,0,2,185,79,4.79,duffety01
Robert Dugger,TOT,MLB,0,1,4,1,1,0,0,0,16.0,19,11,11,3,7,0,19,0,0,2,72,71,4.49,duggero01
Robert Dugger,TBR,AL,0,0,1,0,1,0,0,0,5.1,8,3,3,0,0,0,7,0,0,1,24,77,0.49,duggero01
Robert Dugger,CIN,NL,0,1,3,1,0,0,0,0,10.2,11,8,8,3,7,0,12,0,0,1,48,68,6.49,duggero01
Justin Dunn,CIN,NL,1,3,7,7,0,0,0,0,31.0,32,21,21,11,17,0,21,3,0,0,138,74,8.31,dunnju01
Dane Dunning,TEX,AL,4,8,29,29,0,0,0,0,153.1,158,80,76,20,62,0,137,11,0,6,671,88,4.45,dunnida01
Jhoan Duran,MIN,AL,2,4,57,0,18,0,0,8,67.2,50,15,14,6,16,3,89,4,0,6,266,208,2.52,duranjh01
Nick Duron,PHI,NL,0,0,1,0,0,0,0,0,1.0,2,0,0,0,0,0,1,0,0,0,4,,1.11,duronni01
Carl Edwards Jr.,WSN,NL,6,3,57,0,8,0,0,2,62.0,51,22,19,8,25,0,56,1,0,2,256,142,4.24,edwarca01
Scott Effross,TOT,MLB,1,4,60,1,11,0,0,4,56.2,45,23,16,3,15,3,62,1,1,0,229,161,2.46,effrosc01
Scott Effross,CHC,NL,1,4,47,1,6,0,0,1,44.0,36,19,13,2,11,3,50,0,1,0,178,155,2.18,effrosc01
Scott Effross,NYY,AL,0,0,13,0,5,0,0,3,12.2,9,4,3,1,4,0,12,1,0,0,51,188,3.43,effrosc01
Zach Eflin,PHI,NL,3,5,20,13,2,0,0,1,75.2,70,38,34,8,15,1,65,5,0,0,313,101,3.56,eflinza01
Jerad Eickhoff,PIT,NL,0,1,1,1,0,0,0,0,4.1,10,10,10,2,1,0,4,3,0,0,27,22,10.04,eickhje01
Bryce Elder,ATL,NL,2,4,10,9,1,1,1,0,54.0,44,19,19,4,23,1,47,3,0,0,227,129,3.78,elderbr01
Roenis Elías*,SEA,AL,0,0,7,0,5,0,0,0,7.2,7,3,3,1,3,0,6,0,0,0,33,110,4.42,eliasro01
Chris Ellis,BAL,AL,0,0,2,2,0,0,0,0,4.1,5,5,5,0,6,0,2,1,0,0,25,42,7.04,ellisch01
Nathan Eovaldi,BOS,AL,6,3,20,20,0,2,1,0,109.1,115,55,47,21,20,0,103,1,0,2,460,109,4.30,eovalna01
Robbie Erlin*,LAD,NL,0,0,2,0,2,0,0,0,2.0,2,2,2,1,1,0,1,0,0,0,9,55,10.11,erlinro01
Alcides Escobar,WSN,NL,0,0,2,0,2,0,0,0,1.2,3,2,2,0,1,0,0,1,0,0,10,45,6.71,escobal02
Raynel Espinal,CIN,NL,0,1,2,0,0,0,0,0,4.2,6,4,4,1,1,0,5,0,0,0,21,62,4.40,espinra01
Paolo Espino,WSN,NL,0,9,42,19,18,1,0,0,113.1,131,64,61,24,24,0,92,2,0,1,487,81,4.93,espinpa01
Anderson Espinoza,CHC,NL,0,2,7,0,2,0,0,0,18.1,14,11,11,4,16,0,19,4,1,1,85,77,7.15,espinan01
Carlos Estévez,COL,NL,4,4,62,0,20,0,0,2,57.0,44,27,22,7,23,1,54,1,0,6,235,135,4.08,estevca01
Jeremiah Estrada,CHC,NL,0,0,5,0,3,0,0,0,5.2,6,2,2,1,3,0,8,0,0,1,25,137,4.17,estraje01
Alex Faedo,DET,AL,1,5,12,12,0,0,0,0,53.2,63,34,33,7,25,0,44,1,0,2,244,69,4.62,faedoal01
Pete Fairbanks,TBR,AL,0,0,24,0,10,0,0,8,24.0,13,3,3,1,3,0,38,0,0,0,87,327,0.86,fairbpe01
Bailey Falter*,PHI,NL,6,4,20,16,3,0,0,0,84.0,85,39,36,16,17,0,74,6,0,2,349,106,4.65,falteba01
Jeurys Familia,TOT,MLB,2,3,48,0,8,0,0,0,44.1,58,34,30,7,22,2,41,2,0,1,204,68,4.94,familje01
Jeurys Familia,PHI,NL,1,1,38,0,5,0,0,0,34.0,48,26,23,6,15,1,33,1,0,1,158,67,4.88,familje01
Jeurys Familia,BOS,AL,1,2,10,0,3,0,0,0,10.1,10,8,7,1,7,1,8,1,0,0,46,71,5.14,familje01
Buck Farmer,CIN,NL,2,2,44,0,10,0,0,2,47.0,36,21,20,2,25,0,54,1,0,4,199,117,3.03,farmebu01
Luke Farrell,TOT,NL,0,0,6,2,2,0,0,0,15.0,18,10,9,3,7,0,14,0,0,0,70,81,5.25,farrelu01
Luke Farrell,CHC,NL,0,0,4,2,1,0,0,0,11.0,12,5,5,2,3,0,9,0,0,0,48,103,4.66,farrelu01
Luke Farrell,CIN,NL,0,0,2,0,1,0,0,0,4.0,6,5,4,1,4,0,5,0,0,0,22,54,6.86,farrelu01
Calvin Faucher,TBR,AL,2,3,22,0,7,0,0,1,21.1,26,16,13,4,10,0,21,1,0,2,101,67,5.13,fauchca01
Erick Fedde,WSN,NL,6,13,27,27,0,0,0,0,127.0,149,84,82,21,58,0,94,0,0,6,573,67,5.15,feddeer01
Michael Feliz,BOS,AL,0,0,1,0,0,0,0,0,3.1,1,2,1,1,2,0,4,0,0,0,13,172,6.41,felizmi01
Ryan Feltner,COL,NL,4,9,20,19,0,0,0,0,97.1,102,65,63,16,35,0,84,5,0,4,428,80,4.76,feltnry01
Caleb Ferguson*,LAD,NL,1,0,37,1,3,0,0,0,34.2,23,9,7,1,17,0,37,2,0,0,142,232,3.00,ferguca01
Junior Fernández,TOT,NL,0,0,16,0,2,0,0,0,18.2,18,6,5,3,12,0,14,1,0,2,84,167,5.79,fernaju01
Junior Fernández,STL,NL,0,0,13,0,2,0,0,0,15.1,17,6,5,3,8,0,12,1,0,1,70,133,5.85,fernaju01
Junior Fernández,PIT,NL,0,0,3,0,0,0,0,0,3.1,1,0,0,0,4,0,2,0,0,1,14,,5.51,fernaju01
Matt Festa,SEA,AL,2,0,53,0,13,0,0,2,54.0,43,26,25,10,18,0,64,2,0,1,219,89,4.26,festama01
J.P. Feyereisen,TBR,AL,4,0,22,2,3,0,0,1,24.1,7,1,0,0,5,0,25,0,0,0,86,,1.67,feyerjo01
Kyle Finnegan,WSN,NL,6,4,66,0,24,0,0,11,66.2,54,28,26,9,22,2,70,0,1,0,268,112,3.76,finneky01
Nate Fisher*,NYM,NL,0,0,1,0,0,0,0,0,3.0,1,0,0,0,2,0,1,0,0,0,11,,4.45,fishena01
Jake Fishman*,MIA,NL,0,0,7,0,2,0,0,0,11.0,13,5,5,0,0,0,6,3,0,0,48,102,2.84,fishmja01
Jack Flaherty,STL,NL,2,1,9,8,0,0,0,0,36.0,36,18,17,4,22,0,33,5,0,0,167,91,4.97,flaheja01
Josh Fleming*,TBR,AL,2,5,10,3,1,0,0,0,35.0,54,36,25,5,12,1,29,1,0,0,169,57,4.43,flemijo01
Aaron Fletcher*,PIT,NL,0,1,9,0,4,0,0,0,11.2,10,9,9,2,4,0,6,3,0,1,52,61,6.11,fletcaa01
Chris Flexen,SEA,AL,8,9,33,22,11,0,0,2,137.2,132,61,57,17,51,3,95,2,0,7,590,99,4.49,flexech01
Dylan Floro,MIA,NL,1,3,56,0,23,0,0,10,53.2,48,23,18,4,15,3,48,0,0,1,220,135,3.13,florody01
Jason Foley,DET,AL,1,0,60,0,15,0,0,0,60.1,72,27,26,2,11,0,43,2,1,0,256,98,2.76,foleyja01
Mike Ford,TOT,NL,0,0,1,0,1,0,0,0,1.0,1,2,2,1,1,0,0,0,0,0,5,40,19.11,fordmi01
Mike Ford,ATL,NL,0,0,1,0,1,0,0,0,1.0,1,2,2,1,1,0,0,0,0,0,5,31,19.11,fordmi01
Matt Foster,CHW,AL,1,2,48,0,12,0,0,1,45.0,43,25,22,6,17,1,42,0,0,1,193,91,4.11,fostema01
Bowden Francis,TOR,AL,0,0,1,0,1,0,0,0,0.2,1,0,0,0,0,0,1,0,0,0,3,,0.11,francbo01
Kyle Freeland*,COL,NL,9,11,31,31,0,0,0,0,174.2,193,96,88,19,53,0,131,16,0,4,766,103,4.21,freelky01
Luis Frías,ARI,NL,1,1,15,0,6,0,0,0,17.0,23,20,20,1,17,0,14,1,1,4,90,39,5.41,friaslu01
Max Fried*,ATL,NL,14,7,30,30,0,0,0,0,185.1,156,55,51,12,32,2,170,4,0,9,733,164,2.70,friedma01
Paul Fry*,TOT,MLB,0,0,13,0,7,0,0,0,13.0,11,10,9,1,9,0,14,2,0,2,61,68,4.50,frypa01
Paul Fry*,BAL,AL,0,0,12,0,6,0,0,0,12.0,9,9,8,1,7,0,12,2,0,2,54,69,4.45,frypa01
Paul Fry*,ARI,NL,0,0,1,0,1,0,0,0,1.0,2,1,1,0,2,0,2,0,0,0,7,62,5.11,frypa01
Michael Fulmer,TOT,AL,5,6,67,0,11,0,0,3,63.2,59,27,24,4,28,6,61,5,0,3,276,113,3.57,fulmemi01
Michael Fulmer,DET,AL,3,4,41,0,7,0,0,2,39.1,29,17,14,1,20,4,39,3,0,1,169,119,3.21,fulmemi01
Michael Fulmer,MIN,AL,2,2,26,0,4,0,0,1,24.1,30,10,10,3,8,2,22,2,0,2,107,106,4.14,fulmemi01
Hunter Gaddis,CLE,AL,0,2,2,2,0,0,0,0,7.1,15,15,15,7,3,0,5,0,0,0,40,22,15.38,gaddihu01
Matt Gage*,TOR,AL,0,1,11,0,5,0,0,0,13.0,6,4,2,1,6,1,12,1,0,0,50,289,3.88,gagema01
Giovanny Gallegos,STL,NL,3,6,57,0,30,0,0,14,59.0,42,23,20,6,18,1,73,0,1,2,235,126,2.87,gallegi01
Zac Gallen,ARI,NL,12,4,31,31,0,0,0,0,184.0,121,56,52,15,47,0,192,12,0,5,714,158,3.05,galleza01
Bryan Garcia,DET,AL,2,0,4,4,0,0,0,0,20.1,14,8,8,3,10,0,17,3,0,1,84,109,5.28,garcibr01
Jarlín García*,SFG,NL,1,4,58,0,14,0,0,1,65.0,60,34,27,10,18,1,56,1,0,2,270,108,4.27,garcija04
Luis García,SDP,NL,4,6,64,0,11,0,0,3,61.0,57,28,23,3,17,0,68,5,0,7,259,111,2.60,garcilu03
Luis Garcia,HOU,AL,15,8,28,28,0,0,0,0,157.1,131,70,65,23,47,0,157,1,1,8,643,104,3.93,garcilu05
Rico Garcia,BAL,AL,0,0,6,0,4,0,0,0,8.0,8,4,4,2,3,0,2,0,0,0,35,93,6.99,garciri01
Rony García,DET,AL,3,3,16,8,2,0,0,0,51.0,40,27,25,9,13,0,48,4,0,3,206,86,4.52,garciro03
Yimi Garcia,TOR,AL,4,5,61,0,9,0,0,1,61.0,48,26,21,6,16,3,58,4,1,1,247,126,3.47,garciyi01
Amir Garrett*,KCR,AL,3,1,60,0,3,0,0,0,45.1,28,26,25,0,32,0,49,5,1,7,196,83,3.40,garream01
Braxton Garrett*,MIA,NL,3,7,17,17,0,0,0,0,88.0,86,38,35,9,24,1,90,10,0,2,373,114,3.56,garrebr01
Reed Garrett,WSN,NL,0,1,7,0,0,0,0,0,9.1,13,8,7,1,8,1,6,1,0,1,49,60,6.11,garrere01
Ralph Garza,TBR,AL,2,2,19,0,10,0,0,0,35.0,38,14,13,4,16,2,17,2,0,2,153,109,5.17,garzara01
Kevin Gausman,TOR,AL,12,10,31,31,0,0,0,0,174.2,188,72,65,15,28,0,205,1,2,2,725,116,2.38,gausmke01
Domingo Germán,NYY,AL,2,5,15,14,0,0,0,0,72.1,65,31,29,11,19,0,58,4,1,0,298,108,4.44,germado01
Franklin German,BOS,AL,0,0,5,0,3,0,0,0,4.0,7,8,8,2,4,0,4,0,0,0,23,25,10.61,germafr02
Ian Gibaut,TOT,MLB,1,2,34,0,3,0,0,1,36.0,39,18,18,3,18,0,48,1,1,0,160,100,3.11,gibauia01
Ian Gibaut,CLE,AL,0,0,1,0,0,0,0,0,1.1,1,0,0,0,0,0,0,1,0,0,6,,5.36,gibauia01
Ian Gibaut,CIN,NL,1,2,33,0,3,0,0,1,34.2,38,18,18,3,18,0,48,0,1,0,154,96,3.03,gibauia01
Kyle Gibson,PHI,NL,10,8,31,31,0,0,0,0,167.2,176,98,94,24,48,0,144,9,0,4,718,81,4.28,gibsoky01
Luis Gil,NYY,AL,0,0,1,1,0,0,0,0,4.0,5,4,4,0,2,0,5,0,0,1,19,47,2.11,gillu01
Logan Gilbert,SEA,AL,13,6,32,32,0,0,0,0,185.2,170,71,66,19,49,2,174,6,0,5,766,116,3.46,gilbelo01
Tyler Gilbert*,ARI,NL,0,3,8,7,1,0,0,0,34.1,33,21,20,8,10,1,20,1,0,0,146,77,5.94,gilbety01
Lucas Gilbreath*,COL,NL,2,0,47,0,9,0,0,0,43.0,37,22,20,2,26,0,49,4,0,2,187,112,3.53,gilbrlu01
Ken Giles,SEA,AL,0,0,5,0,3,0,0,0,4.1,1,0,0,0,4,0,6,0,0,1,18,,3.11,gileske01
Logan Gillaspie,BAL,AL,1,0,17,0,6,0,0,0,17.1,20,8,6,1,3,0,10,2,0,1,74,131,3.57,gillalo01
Kevin Ginkel,ARI,NL,1,1,30,0,3,0,0,1,29.1,27,14,11,1,11,0,30,1,0,1,124,120,2.74,ginkeke01
Lucas Giolito,CHW,AL,11,9,30,30,0,0,0,0,161.2,171,92,88,24,61,1,177,4,0,3,698,81,4.06,giolilu01
Mychal Givens,TOT,NL,7,3,59,1,12,0,0,2,61.1,56,27,23,8,25,4,71,5,0,2,260,120,3.96,givenmy01
Mychal Givens,CHC,NL,6,2,40,0,5,0,0,2,40.2,32,15,12,5,19,3,51,3,0,1,172,156,3.83,givenmy01
Mychal Givens,NYM,NL,1,1,19,1,7,0,0,0,20.2,24,12,11,3,6,1,20,2,0,1,88,82,4.22,givenmy01
Tyler Glasnow,TBR,AL,0,0,2,2,0,0,0,0,6.2,4,1,1,1,2,0,10,0,0,1,26,285,2.96,glasnty01
Austin Gomber*,COL,NL,5,7,33,17,2,0,0,0,124.2,137,80,77,20,34,1,95,2,0,4,529,84,4.54,gombeau01
Tony Gonsolin,LAD,NL,16,1,24,24,0,0,0,0,130.1,79,32,31,11,35,1,119,4,0,5,498,196,3.28,gonsoto01
Marco Gonzales*,SEA,AL,10,15,32,32,0,0,0,0,183.0,194,97,84,30,50,1,103,7,0,1,783,90,5.05,gonzama02
Chi Chi González,TOT,MLB,0,1,7,5,2,0,0,0,23.0,28,15,15,5,7,0,15,0,0,0,99,70,5.55,gonzach01
Chi Chi González,TOT,AL,0,0,3,3,0,0,0,0,11.2,16,7,7,2,3,0,7,0,0,0,51,76,4.91,gonzach01
Chi Chi González,MIN,AL,0,0,2,2,0,0,0,0,7.0,12,6,6,2,0,0,4,0,0,0,31,53,5.68,gonzach01
Chi Chi González,MIL,NL,0,1,4,2,2,0,0,0,11.1,12,8,8,3,4,0,8,0,0,0,48,64,6.20,gonzach01
Chi Chi González,NYY,AL,0,0,1,1,0,0,0,0,4.2,4,1,1,0,3,0,3,0,0,0,20,218,3.75,gonzach01
Luis González*,SFG,NL,0,0,5,0,5,0,0,0,6.1,9,4,4,0,1,0,0,0,0,0,30,75,3.59,gonzalu03
Marwin Gonzalez,NYY,AL,0,0,1,0,1,0,0,0,0.1,0,0,0,0,0,0,0,0,0,0,1,,3.11,gonzama01
Nick Gordon,MIN,AL,0,0,4,0,3,0,0,0,3.2,10,9,9,2,4,0,0,0,0,0,25,19,13.48,gordoni01
MacKenzie Gore*,SDP,NL,4,4,16,13,0,0,0,0,70.0,66,35,35,7,37,0,72,4,0,6,309,83,4.11,gorema01
Anthony Gose*,CLE,AL,3,0,22,0,3,0,0,0,21.0,15,13,11,4,14,1,28,1,0,2,92,82,5.06,gosean01
Phil Gosselin,LAA,AL,0,0,1,0,1,0,0,0,1.0,0,0,0,0,0,0,0,0,0,0,3,,3.11,gosseph01
Trevor Gott,MIL,NL,3,4,45,0,3,0,0,0,45.2,35,25,21,8,12,0,44,3,0,0,186,96,4.45,gotttr01
Ashton Goudeau,COL,NL,1,0,12,0,4,0,0,1,20.1,25,18,16,3,10,0,16,0,0,3,94,67,4.93,goudeas01
Brusdar Graterol,LAD,NL,2,4,46,1,12,0,0,4,49.2,39,20,18,3,10,1,43,3,0,0,197,129,2.95,gratebr01
Kendall Graveman,CHW,AL,3,4,65,0,14,0,0,6,65.0,65,29,23,5,26,2,66,3,0,3,285,125,3.42,graveke01
Jon Gray,TEX,AL,7,7,24,24,0,0,0,0,127.1,105,61,56,17,39,0,134,6,2,4,521,99,3.80,grayjo02
Josiah Gray,WSN,NL,7,10,28,28,0,0,0,0,148.2,136,84,83,38,66,1,154,8,0,7,649,78,5.86,grayjo03
Sonny Gray,MIN,AL,8,5,24,24,0,0,0,0,119.2,99,44,41,11,36,0,117,6,0,3,488,125,3.40,grayso01
Chad Green,NYY,AL,1,1,14,0,2,0,0,1,15.0,13,6,5,1,5,0,16,0,0,0,62,133,2.85,greench03
Hunter Greene,CIN,NL,5,13,24,24,0,1,1,0,125.2,104,64,62,24,48,0,164,10,0,4,531,101,4.37,greenhu01
Shane Greene,TOT,MLB,1,0,2,0,2,0,0,0,3.0,3,2,2,1,1,0,2,0,0,0,13,85,7.11,greensh02
Shane Greene,LAD,NL,1,0,1,0,1,0,0,0,2.0,2,0,0,0,0,0,1,0,0,0,8,,2.11,greensh02
Shane Greene,NYY,AL,0,0,1,0,1,0,0,0,1.0,1,2,2,1,1,0,1,0,0,0,5,30,17.11,greensh02
Zack Greinke,KCR,AL,4,9,26,26,0,0,0,0,137.0,157,65,56,14,27,0,73,3,0,7,585,111,4.03,greinza01
Randal Grichuk,COL,NL,0,0,1,0,1,0,0,0,1.0,0,0,0,0,0,0,0,0,0,0,3,,3.11,grichra01
Foster Griffin*,TOT,AL,0,0,6,0,4,0,0,0,6.1,7,7,6,0,5,0,4,1,0,0,32,53,4.69,grifffo01
Foster Griffin*,KCR,AL,0,0,5,0,3,0,0,0,4.1,6,7,6,0,4,0,2,1,0,0,24,36,5.65,grifffo01
Foster Griffin*,TOR,AL,0,0,1,0,1,0,0,0,2.0,1,0,0,0,1,0,2,0,0,0,8,,2.61,grifffo01
Justin Grimm,OAK,AL,0,0,15,0,5,0,0,0,15.1,18,8,7,1,7,0,11,2,1,0,71,93,4.29,grimmju01
Michael Grove,LAD,NL,1,0,7,6,1,0,0,0,29.1,32,21,15,6,10,1,24,0,0,2,133,92,5.16,grovemi01
Robert Gsellman,CHC,NL,0,2,8,0,5,0,0,1,15.1,17,10,8,2,3,0,9,0,0,0,64,89,4.22,gsellro01
Javy Guerra,TOT,MLB,2,1,18,0,4,0,0,0,18.0,16,11,10,3,11,2,10,1,0,2,82,76,6.17,guerrja02
Javy Guerra,SDP,NL,0,0,1,0,1,0,0,0,2.0,3,4,4,1,3,0,1,0,0,0,12,25,13.11,guerrja02
Javy Guerra,TBR,AL,2,1,17,0,3,0,0,0,16.0,13,7,6,2,8,2,9,1,0,2,70,110,5.30,guerrja02
Jandel Gustave,MIL,NL,2,0,27,0,6,0,0,0,28.0,25,13,12,4,11,0,27,2,1,2,120,103,4.43,gustaja01
Vladimir Gutiérrez,CIN,NL,1,6,10,8,0,0,0,0,36.2,46,31,31,8,24,1,29,6,0,2,179,59,6.82,gutievl01
Josh Hader*,TOT,NL,2,5,56,0,45,0,0,36,50.0,43,30,29,8,21,0,81,4,0,5,219,75,3.45,haderjo01
Josh Hader*,MIL,NL,1,4,37,0,34,0,0,29,34.0,26,16,16,7,12,0,59,1,0,2,141,94,3.46,haderjo01
Josh Hader*,SDP,NL,1,1,19,0,11,0,0,7,16.0,17,14,13,1,9,0,22,3,0,3,78,52,3.42,haderjo01
Jake Hager,ARI,NL,0,0,3,0,3,0,0,0,2.1,3,2,2,0,0,0,1,0,0,0,10,61,2.25,hagerja01
Darick Hall,PHI,NL,0,0,1,0,1,0,0,0,0.1,1,0,0,0,0,0,0,0,0,0,2,,3.11,hallda02
DL Hall*,BAL,AL,1,1,11,1,1,0,0,1,13.2,17,9,9,0,6,0,19,0,0,2,64,69,1.65,halldl01
Ian Hamilton,MIN,AL,0,0,1,0,0,0,0,0,2.2,3,2,2,1,1,0,0,0,0,0,11,65,9.11,hamilia01
Brad Hand*,PHI,NL,3,2,55,0,15,0,0,5,45.0,37,18,14,2,23,1,38,6,0,1,198,146,3.93,handbr01
Josh Harrison,CHW,AL,0,0,3,0,3,0,0,0,3.0,9,6,6,1,2,0,2,0,0,0,18,25,8.11,harrijo05
Hunter Harvey,WSN,NL,2,1,38,0,7,0,0,0,39.1,33,12,11,1,12,0,45,0,0,2,157,156,2.07,harvehu01
Thomas Hatch,TOR,AL,0,1,1,1,0,0,0,0,4.2,12,10,10,3,2,0,4,1,0,0,26,22,11.68,hatchto01
Louis Head,TOT,MLB,0,0,28,0,9,0,0,1,28.2,32,20,20,4,15,1,26,5,0,2,138,66,5.21,headlo01
Louis Head,MIA,NL,0,0,23,0,7,0,0,1,23.2,26,19,19,4,11,1,23,4,0,1,111,57,5.27,headlo01
Louis Head,BAL,AL,0,0,5,0,2,0,0,0,5.0,6,1,1,0,4,0,3,1,0,1,27,239,4.91,headlo01
Andrew Heaney*,LAD,NL,4,4,16,14,1,0,0,0,72.2,60,34,25,14,19,0,110,9,0,0,310,136,3.75,heanean01
Taylor Hearn*,TEX,AL,6,8,31,13,3,0,0,1,100.0,107,60,57,11,43,0,97,3,0,3,449,77,3.98,hearnta01
Jonathan Heasley,KCR,AL,4,10,21,21,0,0,0,0,104.0,108,67,61,19,47,0,70,6,0,9,465,78,5.67,heasljo01
Ryan Helsley,STL,NL,9,1,54,0,33,0,0,19,64.2,28,11,9,6,20,1,94,0,0,1,239,306,2.34,helslry01
Heath Hembree,TOT,NL,3,1,26,0,6,0,0,0,22.0,26,19,18,6,17,2,17,0,0,1,107,58,7.43,hembrhe01
Heath Hembree,PIT,NL,2,0,20,0,3,0,0,0,16.1,17,13,13,5,14,1,12,0,0,1,78,59,8.19,hembrhe01
Heath Hembree,LAD,NL,1,1,6,0,3,0,0,0,5.2,9,6,5,1,3,1,5,0,0,0,29,56,5.23,hembrhe01
Kyle Hendricks,CHC,NL,4,6,16,16,0,0,0,0,84.1,85,45,45,15,24,0,66,3,0,0,356,86,4.82,hendrky01
Liam Hendriks,CHW,AL,4,4,58,0,51,0,0,37,57.2,44,22,18,7,16,1,85,2,0,8,235,142,2.68,hendrli01
Ryan Hendrix,CIN,NL,0,0,9,0,7,0,0,0,8.1,9,5,5,0,6,1,9,2,0,3,38,86,3.83,hendrry01
Ronny Henriquez,MIN,AL,0,1,3,0,1,0,0,0,11.2,8,4,3,1,3,0,9,2,0,0,50,172,3.97,henriro01
Tommy Henry*,ARI,NL,3,4,9,9,0,0,0,0,47.0,47,28,28,10,21,1,36,3,0,3,205,75,5.88,henryto01
Sam Hentges*,CLE,AL,3,2,57,0,15,0,0,1,62.0,41,17,16,3,19,1,72,3,0,3,245,165,2.48,hentgsa01
Jimmy Herget,LAA,AL,2,1,49,1,13,0,0,9,69.0,48,20,19,4,15,3,63,3,0,0,266,162,2.82,hergeji01
Kevin Herget,TBR,AL,0,1,3,0,3,0,0,0,7.0,9,6,6,0,0,0,4,0,0,0,30,50,1.97,hergeke01
Carlos Hernández,KCR,AL,0,5,27,7,4,0,0,0,56.0,72,48,46,7,31,1,35,1,0,3,266,56,5.20,hernaca04
Darwinzon Hernandez*,BOS,AL,0,1,7,0,2,0,0,0,6.2,14,17,16,4,8,0,9,2,0,0,43,20,12.71,hernada02
Elieser Hernandez,MIA,NL,3,6,20,10,4,0,0,0,62.1,67,48,44,19,22,1,60,4,0,1,278,64,6.40,hernael01
Jonathan Hernández,TEX,AL,2,3,29,0,16,0,0,4,30.1,26,14,10,2,17,3,27,1,1,5,131,134,3.97,hernajo02
Jordan Hicks,STL,NL,3,6,35,8,2,0,0,0,61.1,46,33,33,5,35,0,63,7,0,5,263,79,4.17,hicksjo03
Garrett Hill,DET,AL,3,3,17,8,1,0,0,0,60.1,53,29,27,8,29,0,40,4,0,2,263,94,5.15,hillga02
Rich Hill*,BOS,AL,8,7,26,26,0,0,0,0,124.1,125,67,59,15,37,0,109,4,2,0,526,98,3.92,hillri01
Tim Hill*,SDP,NL,3,0,55,0,21,0,0,0,48.0,45,20,19,1,14,1,25,4,0,1,199,106,3.47,hillti01
Sean Hjelle,SFG,NL,1,2,8,0,0,0,0,0,25.0,33,19,16,3,8,0,28,1,0,1,115,71,3.51,hjellse01
Bryan Hoeing,MIA,NL,1,1,8,1,0,0,0,0,12.2,19,17,17,5,5,0,6,0,0,1,61,35,8.48,hoeinbr01
Jeff Hoffman,CIN,NL,2,0,35,1,7,0,0,0,44.2,40,22,19,5,23,1,45,3,0,3,197,117,4.30,hoffmje02
Colin Holderman,TOT,NL,5,0,24,0,6,0,0,0,28.1,20,14,12,0,14,1,24,4,0,0,118,107,3.32,holdeco01
Colin Holderman,NYM,NL,4,0,15,0,5,0,0,0,17.2,11,6,4,0,7,0,18,0,0,0,67,193,2.26,holdeco01
Colin Holderman,PIT,NL,1,0,9,0,1,0,0,0,10.2,9,8,8,0,7,1,6,4,0,0,51,63,5.08,holdeco01
Greg Holland,TEX,AL,0,1,5,0,2,0,0,0,4.2,6,5,4,3,1,0,5,0,0,0,20,55,9.97,hollagr01
Jordan Holloway,MIA,NL,0,0,1,0,0,0,0,0,2.2,3,1,1,0,1,0,2,0,0,0,11,137,2.74,hollojo01
Gavin Hollowell,COL,NL,0,2,6,0,3,0,0,0,7.0,7,7,6,1,4,0,8,0,0,0,32,63,4.40,holloga01
Clay Holmes,NYY,AL,7,4,62,0,32,0,0,20,63.2,45,21,18,2,20,2,65,9,0,1,260,154,2.84,holmecl01
Tyler Holton*,ARI,NL,0,0,10,0,5,0,0,0,9.0,8,3,3,1,2,0,6,1,0,1,39,139,4.22,holtoty01
Tanner Houck,BOS,AL,5,4,32,4,14,0,0,8,60.0,49,22,21,3,22,3,56,6,0,3,247,134,3.30,houckta01
Adrian Houser,MIL,NL,6,10,22,21,1,0,0,0,102.2,103,66,54,8,47,1,69,2,0,2,455,83,4.21,housead01
Sam Howard*,PIT,NL,0,0,3,0,2,0,0,0,2.0,2,2,2,1,4,0,1,1,0,0,12,54,16.11,howarsa01
Spencer Howard,TEX,AL,2,4,10,8,0,0,0,0,37.2,50,33,31,12,15,1,32,1,1,1,179,54,6.83,howarsp01
Dakota Hudson,STL,NL,8,7,27,26,0,0,0,0,139.2,141,71,69,9,61,0,78,9,0,4,596,86,4.34,hudsoda02
Daniel Hudson,LAD,NL,2,3,25,0,8,0,0,5,24.1,17,7,6,1,5,0,30,2,0,4,97,191,2.04,hudsoda01
Brandon Hughes*,CHC,NL,2,3,57,0,16,0,0,8,57.2,42,22,20,11,21,3,68,6,0,3,239,132,4.64,hughebr01
Tommy Hunter,NYM,NL,0,1,18,0,7,0,0,0,22.1,21,8,6,4,6,0,22,0,0,1,94,162,4.28,hunteto02
Drew Hutchison,DET,AL,3,9,28,18,3,0,0,0,105.1,114,58,53,15,42,1,68,2,0,3,464,84,4.93,hutchdr01
Raisel Iglesias,TOT,MLB,2,6,67,0,39,0,0,17,62.0,46,20,17,5,14,1,78,3,0,3,246,165,2.47,iglesra01
Raisel Iglesias,LAA,AL,2,6,39,0,32,0,0,16,35.2,29,18,16,5,9,1,48,2,0,3,146,100,3.17,iglesra01
Raisel Iglesias,ATL,NL,0,0,28,0,7,0,0,1,26.1,17,2,1,0,5,0,30,1,0,0,100,1203,1.52,iglesra01
Cole Irvin*,OAK,AL,9,13,30,30,0,0,0,0,181.0,174,87,80,25,36,3,128,7,0,3,741,94,4.21,irvinco01
Andre Jackson,LAD,NL,0,0,4,0,3,0,0,1,9.2,9,3,2,0,4,0,9,0,0,0,42,233,2.49,jacksan01
Jay Jackson,ATL,NL,0,0,2,0,1,0,0,0,1.1,1,0,0,0,0,0,1,0,0,0,5,,1.61,jacksja01
Zach Jackson,OAK,AL,2,3,54,0,10,0,0,3,48.0,28,18,16,1,33,3,67,2,0,9,202,125,2.78,jacksza02
Drey Jameson,ARI,NL,3,0,4,4,0,0,0,0,24.1,20,4,4,2,7,0,24,1,0,1,98,276,3.19,jamesdr01
Kenley Jansen,ATL,NL,5,2,65,0,54,0,0,41,64.0,45,25,24,8,22,3,85,2,1,1,260,121,3.21,janseke01
Cristian Javier,HOU,AL,11,9,30,25,0,0,0,0,148.2,89,44,42,17,52,0,194,6,1,5,585,152,3.16,javiecr01
Griffin Jax,MIN,AL,7,4,65,0,10,0,0,1,72.1,56,29,27,7,20,3,78,3,0,2,290,115,3.17,jaxgr01
Daulton Jefferies,OAK,AL,1,7,8,8,0,0,0,0,39.1,46,26,25,4,8,0,28,2,0,3,172,66,3.77,jeffeda01
Dany Jiménez,OAK,AL,3,4,34,0,22,0,0,11,34.1,23,16,13,2,18,4,34,0,0,2,145,111,3.46,jimenda01
Joe Jiménez,DET,AL,3,2,62,0,12,0,0,2,56.2,49,24,22,4,13,0,77,0,0,0,231,109,2.00,jimenjo02
Pierce Johnson,SDP,NL,1,2,15,0,1,0,0,0,14.1,14,8,8,1,8,0,21,0,0,1,64,76,2.76,johnspi01
Damon Jones*,PHI,NL,0,0,4,0,3,0,0,0,4.2,4,5,5,0,5,0,5,3,0,1,26,45,6.11,jonesda07
Jakob Junis,SFG,NL,5,7,23,17,0,0,0,0,112.0,120,57,55,13,25,0,98,4,0,1,478,91,3.65,junisja01
Janson Junk,LAA,AL,1,1,3,2,1,0,0,0,8.1,10,6,6,1,3,0,11,0,0,0,37,65,3.11,junkja01
Tommy Kahnle,LAD,NL,0,0,13,0,2,0,0,1,12.2,5,4,4,2,3,0,14,3,0,1,46,151,4.38,kahnlto01
James Kaprielian,OAK,AL,5,9,26,26,0,0,0,0,134.0,121,68,63,16,59,0,98,5,0,2,577,88,4.63,kaprija01
James Karinchak,CLE,AL,2,0,38,0,9,0,0,3,39.0,22,9,9,2,21,0,62,1,0,4,160,185,2.29,karinja01
Anthony Kay*,TOR,AL,0,0,1,0,1,0,0,0,2.0,2,1,1,0,1,0,3,1,0,0,10,103,3.11,kayan01
Brad Keller,KCR,AL,6,14,35,22,4,0,0,1,139.2,153,86,79,17,57,1,102,2,0,11,617,80,4.50,kellebr01
Mitch Keller,PIT,NL,5,12,31,29,0,0,0,0,159.0,162,77,69,14,60,1,138,12,1,2,687,106,3.88,kellemi03
Trevor Kelley,MIL,NL,1,0,18,0,8,0,0,0,23.2,25,17,16,7,9,0,23,2,0,0,107,66,6.41,kelletr01
Carson Kelly,ARI,NL,0,0,4,0,4,0,0,0,4.2,9,4,4,1,2,0,0,0,0,0,24,56,7.18,kellyca02
Joe Kelly,CHW,AL,1,3,43,1,4,0,0,1,37.0,36,26,25,2,23,0,53,3,0,4,170,66,3.06,kellyjo05
Merrill Kelly,ARI,NL,13,8,33,33,0,0,0,0,200.1,167,77,75,21,61,2,177,2,1,4,804,119,3.65,kellyme01
Michael Kelly,PHI,NL,0,0,4,0,3,0,0,0,4.0,3,1,1,1,1,0,4,1,0,0,16,197,5.86,kellymi03
Zack Kelly,BOS,AL,1,0,13,0,2,0,0,0,13.2,14,6,6,2,4,0,11,0,0,0,59,109,4.28,kellyza01
Ian Kennedy,ARI,NL,4,7,57,0,21,0,0,10,50.1,57,33,30,11,22,3,44,1,0,3,232,75,5.58,kenneia01
Ray Kerr*,SDP,NL,0,0,7,0,6,0,0,0,5.0,3,5,5,1,4,0,3,0,0,1,21,45,6.91,kerrra01
Clayton Kershaw*,LAD,NL,12,3,22,22,0,0,0,0,126.1,96,36,32,10,23,0,137,2,1,0,493,184,2.57,kershcl01
Dallas Keuchel*,TOT,MLB,2,9,14,14,0,0,0,0,60.2,94,69,62,11,31,2,45,0,0,3,303,44,5.52,keuchda01
Dallas Keuchel*,TOT,AL,2,7,10,10,0,0,0,0,42.0,67,47,42,7,24,2,27,0,0,3,214,45,5.71,keuchda01
Dallas Keuchel*,CHW,AL,2,5,8,8,0,0,0,0,32.0,49,33,28,6,20,2,20,0,0,3,164,51,6.17,keuchda01
Dallas Keuchel*,ARI,NL,0,2,4,4,0,0,0,0,18.2,27,22,20,4,7,0,18,0,0,0,89,42,5.09,keuchda01
Dallas Keuchel*,TEX,AL,0,2,2,2,0,0,0,0,10.0,18,14,14,1,4,0,7,0,0,0,50,32,4.21,keuchda01
Yusei Kikuchi*,TOR,AL,6,7,32,20,4,0,0,1,100.2,93,67,58,23,58,0,124,9,0,3,454,75,5.62,kikucyu01
Caleb Kilian,CHC,NL,0,2,3,3,0,0,0,0,11.1,11,15,13,0,12,1,9,1,0,3,56,41,4.96,kiliaca01
Craig Kimbrel,LAD,NL,6,7,63,0,47,0,0,22,60.0,51,31,25,4,28,2,72,5,1,7,260,112,3.23,kimbrcr01
John King*,TEX,AL,1,4,39,0,5,0,0,0,51.1,61,27,23,5,14,3,30,1,0,2,222,98,4.09,kingjo01
Michael King,NYY,AL,6,3,34,0,10,0,0,1,51.0,35,15,13,3,16,2,66,0,0,2,199,171,2.23,kingmi01
Tyler Kinley,COL,NL,1,1,25,0,3,0,0,0,24.0,21,5,2,0,6,0,27,1,0,2,100,630,1.74,kinlety01
George Kirby,SEA,AL,8,5,25,25,0,0,0,0,130.0,135,54,49,13,22,0,133,5,0,4,542,109,2.99,kirbyge01
Andrew Kittredge,TBR,AL,3,1,17,0,9,0,0,5,20.0,15,7,7,4,2,0,14,0,0,0,75,117,4.61,kittran01
Corey Kluber,TBR,AL,10,10,31,31,0,0,0,0,164.0,178,82,79,20,21,0,139,10,0,2,689,84,3.57,klubeco01
Corey Knebel,PHI,NL,3,5,46,0,29,0,0,12,44.2,33,22,17,4,28,3,41,2,0,2,194,119,4.46,knebeco01
Reiss Knehr,SDP,NL,0,0,5,1,2,0,0,0,13.2,11,6,6,1,4,0,10,4,1,0,59,97,4.36,knehrre01
Dusten Knight,TBR,AL,0,1,6,0,3,0,0,0,11.0,11,8,7,4,4,1,9,0,0,1,49,65,7.29,knighdu01
Andrew Knizner,STL,NL,0,0,1,0,1,0,0,0,0.2,1,0,0,0,0,0,0,0,0,0,3,,3.11,kniznan01
Matt Koch,SEA,AL,0,0,4,0,2,0,0,0,4.1,5,4,4,2,1,0,3,0,0,0,19,49,8.42,kochma01
Jared Koenig*,OAK,AL,1,3,10,5,4,0,0,0,39.1,40,25,25,4,15,0,22,5,1,4,177,66,4.84,koenija01
Adam Kolarek*,OAK,AL,0,1,15,0,7,0,0,0,17.2,20,9,9,1,8,0,9,3,0,0,79,83,4.70,kolarad01
Michael Kopech,CHW,AL,5,9,25,25,0,0,0,0,119.1,85,53,47,15,57,0,105,3,2,2,494,112,4.49,kopecmi01
Jackson Kowar,KCR,AL,0,0,7,0,3,0,0,0,15.2,27,17,17,4,11,0,17,0,0,0,82,43,6.37,kowarja01
Max Kranick,PIT,NL,0,0,2,0,0,0,0,0,5.0,3,0,0,0,3,0,4,0,0,1,19,,3.31,kranima01
Joey Krehbiel,BAL,AL,5,5,56,0,8,0,0,1,57.2,53,28,25,9,18,1,45,3,0,1,244,103,4.67,krehbjo01
Dean Kremer,BAL,AL,8,7,22,21,0,1,1,0,125.1,123,48,45,11,34,0,87,5,0,5,512,124,3.80,kremede01
Chad Kuhl,COL,NL,6,11,27,27,0,1,1,0,137.0,155,91,87,25,58,1,110,5,0,5,617,82,5.26,kuhlch01
Joel Kuhnel,CIN,NL,2,3,53,0,13,0,0,1,58.0,67,41,41,8,14,1,56,5,0,1,255,71,3.96,kuhnejo01
A.J. Ladwig,MIA,NL,0,0,1,0,0,0,0,0,3.1,6,4,4,2,0,0,0,0,0,0,15,42,10.91,ladwiaj01
Travis Lakins Sr.,BAL,AL,0,1,6,0,3,0,0,0,10.1,14,11,11,3,6,0,8,1,0,1,50,43,7.37,lakintr01
Jimmy Lambert,CHW,AL,1,2,42,2,7,0,0,0,47.0,40,18,17,4,24,0,45,1,0,5,204,123,3.90,lambeji01
Dinelson Lamet,TOT,NL,1,2,32,0,8,0,0,0,32.1,30,23,22,4,19,0,45,4,0,6,149,72,4.07,lametdi01
Dinelson Lamet,SDP,NL,0,1,13,0,3,0,0,0,12.1,16,14,13,2,9,0,16,1,0,3,62,41,5.06,lametdi01
Dinelson Lamet,COL,NL,1,1,19,0,5,0,0,0,20.0,14,9,9,2,10,0,29,3,0,3,87,117,3.46,lametdi01
Alex Lange,DET,AL,7,4,71,0,11,0,0,0,63.1,47,30,24,5,31,1,82,5,0,15,271,111,3.25,langeal01
Eric Lauer*,MIL,NL,11,7,29,29,0,0,0,0,158.2,135,71,65,27,59,0,157,2,2,5,661,107,4.50,lauerer01
Derek Law,TOT,MLB,2,3,17,0,2,0,0,0,19.2,23,13,9,3,8,0,17,2,0,1,92,110,4.89,lawde01
Derek Law,DET,AL,0,1,2,0,1,0,0,0,2.0,4,5,1,1,1,0,2,1,0,1,13,101,10.61,lawde01
Derek Law,CIN,NL,2,2,15,0,1,0,0,0,17.2,19,8,8,2,7,0,15,1,0,0,79,112,4.24,lawde01
Casey Lawrence,TOR,AL,0,1,6,0,2,0,0,0,18.0,23,15,15,5,4,0,11,1,0,0,79,53,6.33,lawreca01
Justin Lawrence,COL,NL,3,1,38,0,11,0,0,1,42.2,44,27,27,3,22,0,48,1,0,1,191,82,3.39,lawreju01
José Leclerc,TEX,AL,0,3,39,0,20,0,0,7,47.2,33,17,15,5,21,0,54,3,0,2,198,140,3.72,leclejo01
Dylan Lee*,ATL,NL,5,1,46,0,5,0,0,0,50.2,40,16,12,5,10,1,59,0,0,0,201,192,2.66,leedy01
Evan Lee*,WSN,NL,0,1,4,1,1,0,0,0,8.2,9,5,4,1,7,0,7,1,0,2,43,98,5.77,leeev01
Mark Leiter Jr.,CHC,NL,2,7,35,4,11,0,0,3,67.2,52,32,30,10,25,2,73,7,0,5,282,103,4.29,leitema02
Jacob Lemoine,OAK,AL,0,0,9,0,2,0,0,0,16.1,18,15,14,4,7,1,13,0,0,1,74,50,5.99,lemoija01
Sandy Leon,TOT,AL,0,0,1,0,1,0,0,0,2.0,0,0,0,0,0,0,0,0,0,0,6,,3.11,leonsa01
Sandy Leon,CLE,AL,0,0,1,0,1,0,0,0,2.0,0,0,0,0,0,0,0,0,0,0,6,,3.11,leonsa01
Dominic Leone,SFG,NL,4,5,55,0,8,0,0,3,49.1,55,24,22,6,24,5,52,0,0,3,222,101,4.04,leonedo01
Matthew Liberatore*,STL,NL,2,2,9,7,1,0,0,0,34.2,42,23,23,5,18,0,28,1,0,5,161,65,5.02,liberma01
Zack Littell,SFG,NL,3,3,39,0,7,0,0,1,44.1,48,25,25,8,13,0,39,1,0,1,190,80,4.65,litteza01
Brendon Little*,CHC,NL,0,1,1,0,0,0,0,0,0.2,2,3,3,1,1,0,0,1,0,0,6,16,31.61,littlbr02
Mauricio Llovera,SFG,NL,0,0,17,1,5,0,0,0,16.1,14,8,8,2,8,1,20,0,0,1,72,93,3.72,llovema01
Jonathan Loáisiga,NYY,AL,2,3,50,0,9,0,0,2,48.0,43,25,22,3,19,1,37,0,0,0,203,95,3.57,loaisjo01
Nick Lodolo*,CIN,NL,4,7,19,19,0,0,0,0,103.1,90,44,42,13,39,0,131,19,0,6,441,122,3.90,lodolni01
Zach Logue*,OAK,AL,3,8,14,10,1,0,0,0,57.0,68,44,43,13,20,0,42,2,0,0,257,55,5.76,logueza01
Sam Long*,SFG,NL,1,3,28,6,12,0,0,1,42.1,39,23,17,8,14,1,33,1,0,3,181,112,5.07,longsa01
Alejo Lopez,CIN,NL,0,0,3,0,3,0,0,0,2.2,2,2,2,2,0,0,0,0,0,0,10,75,12.86,lopezal03
Jorge López,TOT,AL,4,7,67,0,47,0,0,23,71.0,53,26,20,4,31,5,72,7,2,5,298,158,3.42,lopezjo02
Jorge López,BAL,AL,4,6,44,0,35,0,0,19,48.1,30,15,9,3,17,1,54,4,2,2,196,241,2.99,lopezjo02
Jorge López,MIN,AL,0,1,23,0,12,0,0,4,22.2,23,11,11,1,14,4,18,3,0,3,102,90,4.35,lopezjo02
Nicky Lopez,KCR,AL,0,0,1,0,1,0,0,0,1.0,3,2,2,2,0,0,0,0,0,0,6,31,29.11,lopezni01
Pablo López,MIA,NL,10,10,32,32,0,0,0,0,180.0,157,78,75,21,53,1,174,8,0,4,736,108,3.71,lopezpa01
Reynaldo López,CHW,AL,6,4,61,1,8,0,0,0,65.1,51,24,20,1,11,1,63,1,0,4,254,145,1.93,lopezre01
Yoan López,NYM,NL,1,0,8,0,5,0,0,0,11.0,14,8,7,2,5,1,10,1,0,0,51,70,5.29,lopezyo01
Michael Lorenzen,LAA,AL,8,6,18,18,0,0,0,0,97.2,81,48,46,11,44,0,85,4,0,3,411,95,4.31,lorenmi01
Aaron Loup*,LAA,AL,0,5,65,0,7,0,0,1,58.2,54,38,25,4,22,3,52,8,0,0,260,105,3.76,loupaa01
Zac Lowther*,BAL,AL,0,0,1,0,0,0,0,0,5.1,8,6,5,0,2,0,1,1,0,0,28,51,4.42,lowthza01
Lucas Luetge*,NYY,AL,4,4,50,0,18,0,0,2,57.1,63,19,17,4,17,1,60,4,0,1,251,147,3.02,luetglu01
Seth Lugo,NYM,NL,3,2,62,0,20,0,0,3,65.0,58,26,26,9,18,1,69,3,0,2,272,108,3.76,lugose01
Jesús Luzardo*,MIA,NL,4,7,18,18,0,0,0,0,100.1,69,40,37,10,35,0,120,2,0,5,400,123,3.12,luzarje01
Jordan Lyles,BAL,AL,12,11,32,32,0,1,0,0,179.0,196,94,88,26,52,0,144,8,0,5,774,91,4.40,lylesjo01
Daniel Lynch*,KCR,AL,4,13,27,27,0,0,0,0,131.2,155,79,75,21,52,2,122,5,2,7,600,80,4.63,lynchda02
Lance Lynn,CHW,AL,8,7,21,21,0,0,0,0,121.2,119,65,54,19,19,0,124,10,0,4,512,99,3.82,lynnla01
Andres Machado,WSN,NL,2,0,51,0,14,0,0,0,59.1,55,32,22,7,26,0,46,2,0,3,261,117,4.51,machaan02
Tyler Mahle,TOT,MLB,6,8,23,23,0,0,0,0,120.2,104,61,59,16,43,0,126,2,1,3,503,100,3.87,mahlety01
Tyler Mahle,CIN,NL,5,7,19,19,0,0,0,0,104.1,91,53,51,12,39,0,114,2,1,3,440,102,3.60,mahlety01
Tyler Mahle,MIN,AL,1,1,4,4,0,0,0,0,16.1,13,8,8,4,4,0,12,0,0,0,63,89,5.56,mahlety01
Sean Manaea*,SDP,NL,8,9,30,28,1,0,0,0,158.0,155,95,87,29,50,1,156,3,0,0,671,75,4.53,manaese01
Matt Manning,DET,AL,2,3,12,12,0,0,0,0,63.0,55,27,24,6,19,0,48,1,0,2,263,111,3.78,mannima02
Alek Manoah,TOR,AL,16,7,31,31,0,0,0,0,196.2,144,55,49,16,51,0,180,15,0,5,786,174,3.35,manoaal01
Joe Mantiply*,ARI,NL,2,5,69,0,9,0,0,2,60.0,59,22,19,6,6,0,61,3,1,3,243,142,2.83,mantijo01
Ron Marinaccio,NYY,AL,1,0,40,0,8,0,0,0,44.0,22,12,10,2,24,0,56,6,0,5,181,192,3.20,marinro01
Parker Markel,OAK,AL,0,0,3,0,1,0,0,0,3.0,1,0,0,0,5,0,3,0,0,0,13,,6.11,markepa01
Germán Márquez,COL,NL,9,13,31,31,0,0,0,0,181.2,185,109,100,30,63,0,150,4,2,8,779,94,4.71,marquge01
Jose Marte,LAA,AL,0,0,11,0,4,0,0,0,11.0,8,9,9,2,18,0,15,0,0,1,58,56,7.66,martejo01
Yunior Marte,SFG,NL,1,1,39,0,10,0,0,0,48.0,47,32,29,5,22,0,44,6,0,3,214,74,4.38,marteyu01
Brett Martin*,TEX,AL,1,7,55,1,20,0,0,3,50.0,50,27,23,4,18,3,40,0,0,7,212,95,3.63,martibr01
Chris Martin,TOT,NL,4,1,60,0,6,0,0,2,56.0,50,20,19,6,5,1,74,1,1,7,225,137,2.18,martich02
Chris Martin,CHC,NL,1,0,34,0,4,0,0,0,31.1,38,16,15,5,4,1,40,0,1,6,133,96,3.02,martich02
Chris Martin,LAD,NL,3,1,26,0,2,0,0,2,24.2,12,4,4,1,1,0,34,1,0,1,92,290,1.13,martich02
Corbin Martin,ARI,NL,0,1,7,2,1,0,0,0,22.1,25,14,12,3,12,0,21,0,0,2,101,84,4.59,martico02
Davis Martin,CHW,AL,3,6,14,9,1,0,0,0,63.1,63,36,34,8,19,1,48,3,0,3,269,82,4.28,martida03
Adrián Martinez,OAK,AL,4,6,12,12,0,0,0,0,57.2,69,42,40,13,19,1,53,3,1,6,259,60,5.35,martiad01
Nick Martinez,SDP,NL,4,4,47,10,15,0,0,8,106.1,96,44,41,15,41,0,95,4,0,4,448,108,4.43,martini01
Seth Martinez,HOU,AL,1,1,29,0,7,0,0,0,38.2,26,10,9,3,14,1,38,1,0,0,155,185,3.32,martise01
Nick Maton,PHI,NL,0,0,2,0,2,0,0,0,1.1,4,3,3,0,0,0,0,0,0,0,8,26,3.11,matonni01
Phil Maton,HOU,AL,0,2,67,0,10,0,0,0,65.2,58,34,28,10,24,2,73,8,0,0,281,101,4.33,matonph01
Steven Matz*,STL,NL,5,3,15,10,1,0,0,0,48.0,50,28,28,8,10,0,54,2,0,1,207,73,3.78,matzst01
Tyler Matzek*,ATL,NL,4,2,42,0,6,0,0,1,43.2,26,21,17,3,29,2,36,2,0,7,184,117,4.49,matzety01
Dustin May,LAD,NL,2,3,6,6,0,0,0,0,30.0,21,17,15,3,14,0,29,5,0,0,127,94,4.38,maydu01
Trevor May,NYM,NL,2,0,26,0,6,0,0,1,25.0,27,14,14,4,9,0,30,0,0,0,111,78,3.87,maytr01
Mike Mayers,LAA,AL,1,1,24,3,7,0,0,0,50.2,52,35,32,15,18,0,45,2,0,3,223,71,6.37,mayermi01
Jack Mayfield,LAA,AL,0,0,1,0,1,0,0,0,1.0,1,0,0,0,0,0,0,0,0,0,4,,3.11,mayfija01
Tim Mayza*,TOR,AL,8,1,63,0,9,0,0,2,48.2,42,19,17,7,12,2,44,1,1,2,193,125,3.98,mayzati01
Chris Mazza,TBR,AL,1,0,2,0,0,0,0,0,5.1,9,10,7,3,6,0,5,2,0,1,35,33,13.05,mazzach01
Kirk McCarty*,CLE,AL,4,3,13,2,6,0,0,0,37.2,37,23,19,11,13,1,26,1,0,0,159,85,6.64,mccarki01
Shane McClanahan*,TBR,AL,12,8,28,28,0,0,0,0,166.1,116,52,47,19,38,1,194,3,0,9,641,142,3.00,mcclash01
Lance McCullers Jr.,HOU,AL,4,2,8,8,0,0,0,0,47.2,37,12,12,4,22,0,50,0,0,1,195,171,3.49,mcculla02
T.J. McFarland*,STL,NL,0,0,28,0,11,0,0,0,32.2,42,26,24,5,11,0,16,2,0,2,145,58,5.32,mcfartj01
Easton McGee,TBR,AL,0,0,1,0,1,0,0,0,3.0,4,1,0,0,0,0,1,0,0,0,14,,2.45,mcgeeea01
Jake McGee*,TOT,NL,1,3,42,0,11,0,0,3,37.0,41,29,28,6,12,1,25,0,0,1,163,60,4.84,mcgeeja01
Jake McGee*,SFG,NL,1,2,24,0,8,0,0,3,21.1,27,18,17,2,6,1,11,0,0,1,96,57,4.14,mcgeeja01
Jake McGee*,MIL,NL,0,0,6,0,0,0,0,0,5.2,7,4,4,2,1,0,4,0,0,0,25,66,6.82,mcgeeja01
Jake McGee*,WSN,NL,0,1,12,0,3,0,0,0,10.0,7,7,7,2,5,0,10,0,0,0,42,64,5.21,mcgeeja01
Reese McGuire,TOT,AL,0,0,1,0,1,0,0,0,1.0,0,0,0,0,0,0,0,0,0,0,3,,3.11,mcguire01
Reese McGuire,BOS,AL,0,0,1,0,1,0,0,0,1.0,0,0,0,0,0,0,0,0,0,0,3,,3.11,mcguire01
Collin McHugh,ATL,NL,3,2,58,0,3,0,0,0,69.1,51,20,20,5,14,1,75,5,0,3,272,157,2.71,mchugco01
David McKay,TOT,AL,0,0,4,0,2,0,0,0,6.2,8,5,5,1,4,0,3,0,0,0,32,66,5.96,mckayda02
David McKay,NYY,AL,0,0,2,0,2,0,0,0,2.0,1,0,0,0,2,0,1,0,0,0,9,,5.11,mckayda02
David McKay,TBR,AL,0,0,1,0,0,0,0,0,2.0,3,4,4,1,2,0,0,0,0,0,11,24,12.61,mckayda02
David McKay,OAK,AL,0,0,1,0,0,0,0,0,2.2,4,1,1,0,0,0,2,0,0,0,12,128,1.61,mckayda02
Ryan McKenna,BAL,AL,0,0,2,0,2,0,0,0,1.1,5,2,2,0,1,0,0,0,0,0,10,38,5.36,mckenry01
Triston McKenzie,CLE,AL,11,11,31,30,1,0,0,0,191.1,138,65,63,25,44,0,190,5,0,8,741,129,3.59,mckentr01
John Means*,BAL,AL,0,0,2,2,0,0,0,0,8.0,8,3,3,0,2,0,7,0,0,0,34,124,2.11,meansjo01
Nick Mears,PIT,NL,0,0,2,0,0,0,0,0,2.0,1,0,0,0,1,0,2,0,0,0,8,,2.61,mearsni01
Adonis Medina,NYM,NL,1,0,14,0,6,0,0,1,23.2,30,18,16,2,6,0,17,4,1,0,110,64,4.04,medinad01
Trevor Megill,MIN,AL,4,3,39,0,11,0,0,0,45.0,50,29,24,4,17,0,49,1,0,2,196,81,3.29,megiltr01
Tylor Megill,NYM,NL,4,2,15,9,2,0,0,0,47.1,46,27,27,7,13,0,51,1,0,1,200,76,3.77,megilty01
J.C. Mejía,MIL,NL,0,0,2,0,1,0,0,0,2.1,5,6,6,0,5,0,1,0,0,0,16,20,8.68,mejiaje02
Mark Melancon,ARI,NL,3,10,62,0,48,0,0,18,56.0,63,37,29,5,21,2,35,1,0,6,247,87,4.20,melanma01
Conner Menez*,CHC,NL,0,0,1,0,0,0,0,0,1.0,1,0,0,0,0,0,1,1,0,0,5,,4.11,menezco01
Daniel Mengden,KCR,AL,0,1,5,1,1,0,0,1,7.0,10,5,4,1,1,0,8,0,0,1,32,84,3.11,mengdda01
Whit Merrifield,TOT,AL,0,0,1,0,1,0,0,0,1.0,2,2,2,1,0,0,0,1,0,0,6,39,19.11,merriwh01
Whit Merrifield,TOR,AL,0,0,1,0,1,0,0,0,1.0,2,2,2,1,0,0,0,1,0,0,6,30,19.11,merriwh01
Julian Merryweather,TOR,AL,0,3,26,1,6,0,0,0,26.2,31,20,20,4,7,1,23,2,0,1,119,58,4.35,merryju01
Max Meyer,MIA,NL,0,1,2,2,0,0,0,0,6.0,7,5,5,2,2,0,6,0,0,0,26,57,6.45,meyerma01
Keynan Middleton,ARI,NL,1,2,18,0,2,0,0,0,17.0,16,13,10,5,3,0,15,1,0,1,69,78,5.88,middlke01
Miles Mikolas,STL,NL,12,13,33,32,0,1,0,0,202.1,170,81,74,25,39,0,153,6,1,1,805,116,3.87,mikolmi01
Wade Miley*,CHC,NL,2,2,9,8,0,0,0,0,37.0,31,20,13,3,14,0,28,2,0,1,159,131,3.95,mileywa01
Shelby Miller,SFG,NL,0,1,4,0,0,0,0,0,7.0,6,5,5,0,3,1,14,0,0,0,30,66,0.40,millesh01
Tyson Miller,TEX,AL,1,2,4,2,0,0,0,0,10.2,16,14,13,1,8,0,8,2,0,0,56,37,5.64,millety01
Alec Mills,CHC,NL,0,1,7,2,2,0,0,0,17.2,28,20,19,7,3,1,11,3,0,0,84,43,8.04,millsal02
Wyatt Mills,TOT,AL,0,1,27,0,3,0,0,0,29.1,26,15,15,1,13,2,26,5,0,3,128,88,3.62,millswy01
Wyatt Mills,SEA,AL,0,0,8,0,1,0,0,0,8.2,5,4,4,0,3,0,6,2,0,1,34,93,3.46,millswy01
Wyatt Mills,KCR,AL,0,1,19,0,2,0,0,0,20.2,21,11,11,1,10,2,20,3,0,2,94,87,3.69,millswy01
Hoby Milner*,MIL,NL,3,3,67,0,9,0,0,0,64.2,61,29,27,5,15,0,64,7,0,1,272,105,3.16,milneho01
Tommy Milone*,SEA,AL,1,1,7,0,3,0,0,0,16.2,14,10,10,4,6,0,5,1,0,0,69,70,6.89,milonto01
Juan Minaya,MIN,AL,1,0,6,0,2,0,0,0,9.2,8,6,6,0,5,0,11,3,0,2,45,72,3.32,minayju01
Mike Minor*,CIN,NL,4,12,19,19,0,0,0,0,98.0,120,72,66,24,40,4,76,7,0,2,455,74,6.18,minormi01
A.J. Minter*,ATL,NL,5,4,75,0,13,0,0,5,70.0,49,21,16,5,15,0,94,3,0,3,271,198,2.13,minteaj01
Anthony Misiewicz*,TOT,AL,1,2,32,0,10,0,0,0,29.0,27,15,14,4,10,2,27,0,0,1,121,92,4.08,misiean01
Anthony Misiewicz*,SEA,AL,0,1,17,0,3,0,0,0,13.2,14,7,7,1,6,0,8,0,0,0,57,82,4.21,misiean01
Anthony Misiewicz*,KCR,AL,1,1,15,0,7,0,0,0,15.1,13,8,7,3,4,2,19,0,0,1,64,102,3.96,misiean01
Casey Mize,DET,AL,0,1,2,2,0,0,0,0,10.0,13,6,6,1,2,0,4,0,0,0,45,73,4.21,mizeca01
Yadier Molina,STL,NL,0,0,2,0,2,0,0,0,2.0,6,4,4,2,0,0,1,0,0,0,12,25,15.11,molinya01
Sam Moll*,OAK,AL,2,1,53,0,7,0,0,0,43.1,33,16,14,5,22,6,46,3,0,2,187,129,4.22,mollsa01
Frankie Montas,TOT,AL,5,12,27,27,0,0,0,0,144.1,137,72,65,18,43,3,142,6,0,7,608,94,3.78,montafr02
Frankie Montas,OAK,AL,4,9,19,19,0,0,0,0,104.2,91,44,37,12,28,3,109,1,0,4,423,118,3.35,montafr02
Frankie Montas,NYY,AL,1,3,8,8,0,0,0,0,39.2,46,28,28,6,15,0,33,5,0,3,185,62,4.93,montafr02
Rafael Montero,HOU,AL,5,2,71,0,25,0,0,14,68.1,47,22,18,3,23,2,73,2,0,1,270,163,2.64,montera01
Bryce Montes de Oca,NYM,NL,0,0,3,0,1,0,0,0,3.1,7,4,4,0,2,0,6,0,0,1,19,40,1.31,montebr01
Jordan Montgomery*,TOT,MLB,9,6,32,32,0,1,1,0,178.1,159,72,69,21,36,0,158,8,0,4,724,111,3.61,montgjo01
Jordan Montgomery*,NYY,AL,3,3,21,21,0,0,0,0,114.2,103,48,47,15,23,0,97,7,0,3,469,106,3.91,montgjo01
Jordan Montgomery*,STL,NL,6,3,11,11,0,1,1,0,63.2,56,24,22,6,13,0,61,1,0,1,255,123,3.08,montgjo01
Matt Moore*,TEX,AL,5,2,63,0,18,0,0,5,74.0,49,20,16,3,38,2,83,1,0,8,304,203,2.98,moorema02
Francisco Morales,PHI,NL,0,0,3,0,2,0,0,1,5.0,2,5,4,1,6,0,3,1,0,0,21,61,8.71,moralfr02
Brian Moran*,LAA,AL,0,0,1,0,0,0,0,0,0.1,3,2,2,1,1,1,0,0,0,0,5,16,51.11,moranbr01
Jovani Moran*,MIN,AL,0,1,31,0,16,0,0,1,40.2,25,11,10,0,18,0,54,0,0,2,164,175,1.78,moranjo01
Adrián Morejón*,SDP,NL,5,1,26,0,6,0,0,0,34.0,31,18,16,4,9,1,28,1,0,0,141,89,3.88,morejad01
Dauri Moreta,CIN,NL,0,2,35,1,17,0,0,1,38.1,32,24,23,10,13,1,39,4,0,1,160,83,5.80,moretda01
Eli Morgan,CLE,AL,5,3,50,1,7,0,0,0,66.2,46,29,25,10,13,0,72,2,0,0,256,113,3.58,morgael01
Reyes Moronta,TOT,NL,2,2,39,0,14,0,0,2,37.2,30,20,18,5,18,1,38,2,0,8,161,98,4.41,moronre01
Reyes Moronta,LAD,NL,0,0,22,0,6,0,0,0,23.2,17,11,11,5,10,0,27,2,0,4,98,101,5.10,moronre01
Reyes Moronta,ARI,NL,2,2,17,0,8,0,0,2,14.0,13,9,7,0,8,1,11,0,0,4,63,92,3.25,moronre01
Cody Morris,CLE,AL,1,2,7,5,0,0,0,0,23.2,21,8,6,3,12,0,23,0,0,1,100,170,4.34,morrico01
Charlie Morton,ATL,NL,9,6,31,31,0,0,0,0,172.0,149,85,83,28,63,0,205,18,0,4,728,94,4.26,mortoch02
Kyle Muller*,ATL,NL,1,1,3,3,0,0,0,0,12.1,13,11,11,2,8,0,12,0,0,2,59,52,5.22,mulleky01
Andrés Muñoz,SEA,AL,2,5,64,0,12,0,0,4,65.0,43,20,18,5,15,3,96,4,0,4,248,149,2.04,munozan01
Penn Murfee,SEA,AL,4,0,64,1,15,0,0,0,69.1,48,23,23,7,18,1,76,2,0,2,272,124,3.10,murfepe01
Patrick Murphy,WSN,NL,0,0,6,0,1,0,0,0,5.2,8,6,4,0,8,0,4,0,0,1,34,66,5.94,murphpa02
Joe Musgrove,SDP,NL,10,7,30,30,0,0,0,0,181.0,154,67,59,22,42,1,184,14,0,4,740,127,3.59,musgrjo01
Parker Mushinski*,HOU,AL,0,0,7,0,1,0,0,0,7.1,5,3,3,0,3,0,8,1,0,0,30,110,2.57,mushipa01
Wil Myers,SDP,NL,0,0,4,0,4,0,0,0,3.2,4,3,3,3,0,0,0,1,0,0,16,56,14.57,myerswi01
James Naile,STL,NL,0,0,7,0,4,0,0,0,9.0,8,5,5,2,2,0,5,0,0,0,37,80,5.56,naileja01
Tommy Nance,MIA,NL,2,3,35,2,8,0,0,0,43.2,45,22,21,5,21,3,57,4,0,5,196,94,3.71,nanceto01
Andrew Nardi*,MIA,NL,1,1,13,0,5,0,0,0,14.2,25,17,16,5,14,0,24,0,0,1,83,42,7.13,nardian01
Packy Naughton*,STL,NL,0,2,26,3,5,0,0,1,32.0,39,17,17,3,7,1,31,1,0,1,141,81,3.14,naughpa01
Nick Neidert,MIA,NL,0,1,1,1,0,0,0,0,5.0,5,2,2,1,0,0,3,0,0,0,20,121,4.51,neideni01
Kyle Nelson*,ARI,NL,2,1,43,1,4,0,0,0,37.0,26,10,9,1,14,0,30,3,0,1,151,185,3.22,nelsoky01
Nick Nelson,PHI,NL,3,2,47,2,10,0,0,1,68.2,66,38,37,1,36,0,69,4,0,13,306,84,3.04,nelsoni01
Ryne Nelson,ARI,NL,1,1,3,3,0,0,0,0,18.1,9,4,3,2,6,1,16,0,0,0,69,278,3.77,nelsory01
Héctor Neris,HOU,AL,6,4,70,0,26,0,0,3,65.1,49,29,27,3,17,0,79,6,1,6,263,104,2.35,nerishe01
Sheldon Neuse,OAK,AL,0,0,3,0,3,0,0,0,3.2,1,0,0,0,0,0,0,0,0,0,12,,3.11,neusesh01
Sean Newcomb*,TOT,NL,2,1,20,1,2,0,0,0,27.2,33,28,27,8,19,0,28,0,0,2,134,48,6.91,newcose01
Sean Newcomb*,ATL,NL,0,0,3,0,0,0,0,0,5.0,7,4,4,1,4,0,4,0,0,1,26,61,6.51,newcose01
Sean Newcomb*,CHC,NL,2,1,17,1,2,0,0,0,22.2,26,24,23,7,15,0,24,0,0,1,108,46,6.99,newcose01
Vinny Nittoli,PHI,NL,0,0,2,0,0,0,0,0,2.0,0,0,0,0,1,0,1,1,0,0,8,,5.11,nittovi01
Stephen Nogosek,NYM,NL,1,1,12,0,3,0,0,0,22.0,20,10,6,4,7,0,21,1,0,1,95,160,4.66,nogosst01
Aaron Nola,PHI,NL,11,13,32,32,0,2,1,0,205.0,168,75,74,19,29,1,235,9,0,2,807,125,2.58,nolaaa01
Daniel Norris*,TOT,MLB,2,4,41,3,17,0,0,0,58.2,45,39,34,11,29,0,66,7,1,2,250,76,5.14,norrida01
Daniel Norris*,CHC,NL,0,4,27,1,12,0,0,0,30.0,23,28,23,7,21,0,43,2,1,1,134,60,5.58,norrida01
Daniel Norris*,DET,AL,2,0,14,2,5,0,0,0,28.2,22,11,11,4,8,0,23,5,0,1,116,111,4.68,norrida01
James Norwood,PHI,NL,1,0,20,0,5,0,0,0,17.1,24,17,16,2,9,0,22,0,0,0,85,50,3.63,norwoja01
Riley O'Brien,SEA,AL,0,0,1,0,1,0,0,0,1.0,1,0,0,0,1,0,1,0,0,0,5,,4.11,obrieri01
Darren O'Day,ATL,NL,2,2,28,0,3,0,0,0,21.2,19,12,10,3,10,2,26,1,0,0,94,99,4.04,odayda01
Bailey Ober,MIN,AL,2,3,11,11,0,0,0,0,56.0,48,22,20,4,11,0,51,2,1,0,227,120,2.92,oberba01
Jake Odorizzi,TOT,MLB,6,6,22,22,0,0,0,0,106.1,106,58,52,14,35,1,86,3,0,2,453,90,4.28,odorija01
Jake Odorizzi,HOU,AL,4,3,12,12,0,0,0,0,60.0,52,29,25,5,17,0,46,2,0,2,245,103,3.61,odorija01
Jake Odorizzi,ATL,NL,2,3,10,10,0,0,0,0,46.1,54,29,27,9,18,1,40,1,0,0,208,78,5.14,odorija01
Cristofer Ogando,TBR,AL,0,0,3,0,2,0,0,0,4.1,4,2,2,0,1,0,2,1,0,0,17,95,3.57,ogandcr01
Shohei Ohtani,LAA,AL,15,9,28,28,0,0,0,0,166.0,124,45,43,14,44,0,219,2,0,14,660,172,2.40,ohtansh01
Steven Okert*,MIA,NL,5,5,60,0,5,0,0,0,51.1,34,19,17,7,26,2,63,7,0,1,221,137,4.36,okertst01
Adam Oller,OAK,AL,2,8,19,14,3,0,0,0,74.1,82,55,52,17,39,0,46,2,0,4,337,60,6.50,ollerad01
Kaleb Ort,BOS,AL,1,2,25,0,6,0,0,1,28.1,35,23,20,4,15,2,27,2,0,1,134,67,4.84,ortka01
Oliver Ortega,LAA,AL,1,3,27,0,7,0,0,1,34.0,32,18,14,5,18,0,33,1,0,5,148,109,4.76,ortegol01
Luis Ortiz,SFG,NL,0,0,6,0,4,0,0,0,8.2,5,1,1,0,3,0,6,0,0,0,33,403,2.77,ortizlu02
Luis Ortiz,PIT,NL,0,2,4,4,0,0,0,0,16.0,8,9,8,1,10,0,17,0,0,0,69,94,3.67,ortizlu03
Adam Ottavino,NYM,NL,6,3,66,0,19,0,0,3,65.2,48,15,15,6,16,2,79,5,0,7,258,188,2.85,ottavad01
Glenn Otto,TEX,AL,7,10,27,27,0,0,0,0,135.2,119,74,70,21,62,0,107,13,0,5,587,85,5.21,ottogl01
Connor Overton,CIN,NL,1,0,6,4,1,0,0,0,33.0,21,10,10,1,11,0,14,0,0,0,124,165,3.66,overtco01
Johan Oviedo,TOT,NL,4,3,21,8,3,0,0,0,56.0,49,21,20,5,23,0,54,3,1,2,242,126,3.74,oviedjo01
Johan Oviedo,STL,NL,2,1,14,1,3,0,0,0,25.1,26,9,9,4,7,0,26,1,1,1,108,121,4.06,oviedjo01
Johan Oviedo,PIT,NL,2,2,7,7,0,0,0,0,30.2,23,12,11,1,16,0,28,2,0,1,134,130,3.47,oviedjo01
Chris Owings,BAL,AL,0,0,1,0,1,0,0,0,1.0,2,1,1,0,0,0,0,0,0,0,5,61,3.11,owingch01
Chris Paddack,MIN,AL,1,2,5,5,0,0,0,0,22.1,25,10,10,0,2,0,20,1,0,1,93,97,1.72,paddach01
Nicholas Padilla,CHC,NL,0,0,1,0,0,0,0,0,1.2,2,1,1,0,2,0,1,0,0,1,9,93,5.51,padilni01
Emilio Pagán,MIN,AL,4,6,59,0,27,0,0,9,63.0,60,36,31,12,26,2,84,1,0,3,274,87,4.21,paganem01
Jermaine Palacios,MIN,AL,0,0,2,0,2,0,0,0,0.2,1,0,0,0,0,0,1,0,0,0,3,,0.11,palacje01
Andre Pallante,STL,NL,6,5,47,10,4,0,0,0,108.0,113,39,38,9,40,2,73,1,0,4,457,121,3.98,pallaan01
Enoli Paredes,HOU,AL,0,0,3,0,3,0,0,0,3.0,3,1,1,0,3,0,2,0,0,0,14,145,4.78,pareden01
Luis Patiño,TBR,AL,1,2,6,6,0,0,0,0,20.0,26,18,18,6,13,1,11,1,0,0,98,46,8.01,patinlu01
Spencer Patton,TEX,AL,0,0,7,0,1,0,0,0,7.0,4,3,3,1,3,0,5,2,0,1,29,107,5.68,pattosp01
Joel Payamps,TOT,AL,3,6,41,0,16,0,0,0,55.2,60,24,20,7,16,2,41,2,0,3,241,125,4.24,payamjo01
Joel Payamps,KCR,AL,2,3,29,0,14,0,0,0,42.2,46,19,15,5,16,2,33,2,0,2,188,130,4.35,payamjo01
Joel Payamps,OAK,AL,1,3,12,0,2,0,0,0,13.0,14,5,5,2,0,0,8,0,0,1,53,111,3.88,payamjo01
Matt Peacock,TOT,MLB,0,0,9,0,7,0,0,0,10.0,12,6,6,1,4,0,6,0,0,1,46,81,4.41,peacoma01
Matt Peacock,ARI,NL,0,0,2,0,2,0,0,0,2.2,3,2,2,1,2,0,2,0,0,0,13,68,8.74,peacoma01
Matt Peacock,KCR,AL,0,0,7,0,5,0,0,0,7.1,9,4,4,0,2,0,4,0,0,1,33,87,2.84,peacoma01
Elvis Peguero,LAA,AL,0,0,13,0,6,0,0,0,17.1,23,16,13,4,5,0,12,0,1,3,77,61,5.59,pegueel01
Ryan Pepiot,LAD,NL,3,0,9,7,0,0,0,0,36.1,26,15,14,6,27,0,42,3,0,1,160,122,5.42,pepiory01
Freddy Peralta,MIL,NL,4,4,18,17,0,0,0,0,78.0,54,31,31,6,27,0,86,3,0,1,317,110,3.06,peralfr01
Wandy Peralta*,NYY,AL,3,4,56,0,18,0,0,4,56.1,42,19,17,2,17,1,47,1,1,2,223,144,2.86,peralwa01
Wily Peralta,DET,AL,2,0,28,1,6,0,0,0,38.1,34,12,11,2,24,0,32,1,0,1,168,147,4.08,peralwi01
Luis Perdomo,MIL,NL,3,0,14,0,3,0,0,0,23.2,24,10,10,4,3,0,12,1,0,0,96,105,4.80,perdolu02
Cionel Pérez*,BAL,AL,7,1,66,0,8,0,0,1,57.2,46,11,9,2,21,1,55,1,0,4,234,287,2.80,perezci01
Francisco Perez*,WSN,NL,0,0,10,0,4,0,0,0,8.2,13,7,7,2,9,0,7,0,0,1,48,56,7.61,perezfr01
Martín Pérez*,TEX,AL,12,8,32,32,0,1,1,0,196.1,178,70,63,11,69,0,169,6,2,6,821,136,3.26,perezma02
Oliver Pérez*,ARI,NL,1,1,7,0,1,0,0,0,4.0,8,9,7,1,1,0,1,1,0,0,24,28,7.36,perezol01
Dillon Peters*,PIT,NL,5,2,22,4,2,0,0,0,39.1,35,20,20,5,17,0,26,0,0,1,165,91,4.74,peterdi01
David Peterson*,NYM,NL,7,5,28,19,0,0,0,0,105.2,93,50,45,11,48,1,126,7,0,3,454,101,3.64,peterda01
Jace Peterson,MIL,NL,0,0,1,0,1,0,0,0,1.0,0,0,0,0,0,0,0,0,0,0,3,,3.11,peterja01
David Phelps,TOR,AL,0,2,65,1,11,0,0,1,63.2,52,22,20,2,31,0,64,4,0,3,272,138,3.16,phelpda01
Brett Phillips,TOT,AL,0,0,3,0,3,0,0,0,4.0,9,8,8,3,2,0,0,0,0,0,22,24,14.36,phillbr02
Brett Phillips,TBR,AL,0,0,3,0,3,0,0,0,4.0,9,8,8,3,2,0,0,0,0,0,22,22,14.36,phillbr02
Evan Phillips,LAD,NL,7,3,64,0,9,0,0,2,63.0,33,11,8,2,15,1,77,3,0,0,233,367,1.94,phillev01
Konnor Pilkington*,CLE,AL,1,2,15,11,3,0,0,0,58.0,53,30,25,6,32,0,50,2,0,1,258,99,4.49,pilkiko01
Chad Pinder,OAK,AL,0,0,1,0,1,0,0,0,1.0,2,3,3,0,2,0,0,1,0,0,7,19,12.11,pindech01
Michael Pineda,DET,AL,2,7,11,11,0,0,0,0,46.2,58,31,30,13,8,0,26,0,0,0,200,66,6.13,pinedmi01
Nick Pivetta,BOS,AL,10,12,33,33,0,1,0,0,179.2,175,91,91,27,73,0,175,5,1,10,773,92,4.42,pivetni01
Michael Plassmeyer*,PHI,NL,0,1,2,0,0,0,0,0,7.1,9,3,3,1,1,0,7,0,0,0,29,116,3.38,plassmi01
Kevin Plawecki,TOT,AL,0,0,1,0,1,0,0,0,1.0,1,0,0,0,0,0,0,0,0,0,4,,3.11,plaweke01
Kevin Plawecki,BOS,AL,0,0,1,0,1,0,0,0,1.0,1,0,0,0,0,0,0,0,0,0,4,,3.11,plaweke01
Zach Plesac,CLE,AL,3,12,25,24,0,0,0,0,131.2,136,74,63,19,38,0,100,5,0,4,568,89,4.45,plesaza01
Colin Poche*,TBR,AL,4,2,65,0,13,0,0,7,58.2,46,30,26,11,22,0,64,1,0,4,245,91,4.54,pocheco01
Zach Pop,TOT,MLB,4,0,35,0,8,0,0,0,39.0,41,13,12,2,4,0,25,2,0,1,157,146,2.96,popza01
Zach Pop,MIA,NL,2,0,18,0,6,0,0,0,20.0,23,9,8,1,2,0,14,1,0,1,83,115,2.81,popza01
Zach Pop,TOR,AL,2,0,17,0,2,0,0,0,19.0,18,4,4,1,2,0,11,1,0,0,74,209,3.11,popza01
Sean Poppen,ARI,NL,2,2,29,0,6,0,0,0,28.2,27,15,14,5,12,3,22,1,0,2,120,93,5.21,poppese01
Cody Poteet,MIA,NL,0,1,12,2,2,0,0,0,28.0,23,12,12,4,11,0,21,0,0,1,114,107,4.65,poteeco01
Ryan Pressly,HOU,AL,3,3,50,0,43,0,0,33,48.1,30,17,16,4,13,0,65,0,0,0,182,130,2.31,pressry01
David Price*,LAD,NL,2,0,40,0,13,0,0,2,40.1,38,11,11,6,9,2,37,0,0,0,167,172,3.88,priceda01
Austin Pruitt,OAK,AL,0,1,39,1,14,0,0,1,55.1,48,29,26,11,9,0,38,1,0,0,224,89,4.87,pruitau01
Albert Pujols,STL,NL,0,0,1,0,1,0,0,0,1.0,3,4,4,2,1,0,0,0,0,0,7,15,32.11,pujolal01
A.J. Puk*,OAK,AL,4,3,62,0,9,0,0,4,66.1,53,27,23,7,23,3,76,10,1,6,281,120,3.68,pukaj01
Cal Quantrill,CLE,AL,15,5,32,32,0,0,0,0,186.1,178,78,70,21,47,0,128,10,0,3,770,113,4.12,quantca01
José Quijada*,LAA,AL,0,5,42,0,11,0,0,3,40.2,25,19,18,5,21,4,52,2,0,1,169,101,3.85,quijajo01
José Quintana*,TOT,NL,6,7,32,32,0,0,0,0,165.2,154,61,54,8,47,1,137,3,0,1,679,137,2.99,quintjo01
José Quintana*,PIT,NL,3,5,20,20,0,0,0,0,103.0,100,43,40,7,31,1,89,2,0,1,432,119,3.23,quintjo01
José Quintana*,STL,NL,3,2,12,12,0,0,0,0,62.2,54,18,14,1,16,0,48,1,0,0,247,191,2.60,quintjo01
Cole Ragans*,TEX,AL,0,3,9,9,0,0,0,0,40.0,43,24,22,6,16,0,27,0,0,2,174,80,4.91,raganco01
Tanner Rainey,WSN,NL,1,3,29,0,20,0,0,12,30.0,26,16,11,5,13,0,36,0,0,1,128,119,4.18,raineta01
Brooks Raley*,TBR,AL,1,2,60,0,12,0,0,6,53.2,37,19,16,3,15,0,61,6,0,3,219,136,2.74,raleybr01
Erasmo Ramírez,WSN,NL,4,2,60,2,10,0,0,0,86.1,79,31,28,11,14,1,61,6,0,1,347,134,4.05,ramirer02
Noé Ramirez,ARI,NL,5,4,55,0,3,0,0,0,50.0,45,32,29,9,26,2,51,3,0,2,215,77,5.15,ramirno01
Yohan Ramirez,TOT,MLB,4,1,30,0,16,0,0,1,37.1,32,19,19,4,20,1,32,6,0,2,167,90,4.88,ramiryo01
Yohan Ramirez,TOT,AL,1,0,8,0,4,0,0,0,10.1,10,8,8,3,7,0,11,3,0,2,51,58,7.66,ramiryo01
Yohan Ramirez,SEA,AL,1,0,7,0,3,0,0,0,8.1,7,7,7,3,6,0,10,2,0,1,40,51,8.27,ramiryo01
Yohan Ramirez,CLE,AL,0,0,1,0,1,0,0,0,2.0,3,1,1,0,1,0,1,1,0,1,11,102,5.11,ramiryo01
Yohan Ramirez,PIT,NL,3,1,22,0,12,0,0,1,27.0,22,11,11,1,13,1,21,3,0,0,116,114,3.82,ramiryo01
Drew Rasmussen,TBR,AL,11,7,28,28,0,0,0,0,146.0,121,51,46,13,31,0,125,3,0,10,584,128,3.26,rasmudr01
Robbie Ray*,SEA,AL,12,12,32,32,0,0,0,0,189.0,163,80,78,32,62,0,212,7,0,5,775,100,4.16,rayro02
Jake Reed,TOT,MLB,2,0,18,0,5,0,0,1,16.2,17,15,13,2,8,0,13,3,1,0,77,61,5.09,reedja02
Jake Reed,TOT,NL,1,0,10,0,3,0,0,1,11.0,10,9,9,2,7,0,8,1,0,0,50,58,6.20,reedja02
Jake Reed,NYM,NL,1,0,5,0,1,0,0,0,6.1,4,8,8,2,6,0,6,1,0,0,30,36,8.64,reedja02
Jake Reed,LAD,NL,0,0,5,0,2,0,0,1,4.2,6,1,1,0,1,0,2,0,0,0,20,234,2.90,reedja02
Jake Reed,BAL,AL,1,0,8,0,2,0,0,0,5.2,7,6,4,0,1,0,5,2,1,0,27,67,2.94,reedja02
Sean Reid-Foley,NYM,NL,0,0,7,0,3,0,0,0,10.0,7,6,6,1,7,0,8,1,0,0,44,74,5.21,reidfse01
Denyi Reyes,BAL,AL,0,0,3,1,1,0,0,0,7.2,8,2,2,0,1,0,3,0,0,0,31,179,2.72,reyesde02
Franmil Reyes,CHC,NL,0,0,1,0,1,0,0,0,1.0,0,0,0,0,0,0,1,1,0,0,3,,4.11,reyesfr01
Gerardo Reyes,LAA,AL,0,0,2,0,1,0,0,0,2.0,3,1,1,1,3,0,0,0,0,0,12,106,14.11,reyesge01
Pablo Reyes,MIL,NL,0,0,1,0,1,0,0,0,1.0,0,0,0,0,0,0,0,0,0,0,3,,3.11,reyespa01
Matt Reynolds,TOT,NL,0,0,2,0,2,0,0,0,1.1,3,1,1,0,0,0,0,2,0,0,9,100,7.61,reynoma03
Matt Reynolds,CIN,NL,0,0,2,0,2,0,0,0,1.1,3,1,1,0,0,0,0,2,0,0,9,83,7.61,reynoma03
Garrett Richards,TEX,AL,1,1,32,2,11,0,0,1,42.2,44,28,25,3,13,0,36,3,0,2,185,75,3.46,richaga01
Trevor Richards,TOR,AL,3,2,62,4,10,0,0,0,64.0,57,41,38,9,35,1,82,1,0,3,281,73,4.07,richatr01
Ethan Roberts,CHC,NL,0,1,9,0,3,0,0,0,7.2,10,7,7,3,6,0,9,1,0,0,38,52,8.59,roberet01
David Robertson,TOT,NL,4,3,58,0,33,0,0,20,63.2,39,18,17,6,35,1,81,3,0,4,264,172,3.58,roberda08
David Robertson,CHC,NL,3,0,36,0,22,0,0,14,40.1,23,10,10,4,19,0,51,3,0,2,165,185,3.51,roberda08
David Robertson,PHI,NL,1,3,22,0,11,0,0,6,23.1,16,8,7,2,16,1,30,0,0,2,99,153,3.71,roberda08
Hansel Robles,BOS,AL,1,3,26,0,8,0,0,2,24.2,25,19,16,5,14,1,21,0,2,0,111,73,5.75,robleha01
Carlos Rodón*,SFG,NL,14,8,31,31,0,1,0,0,178.0,131,59,57,12,52,0,237,3,0,10,710,140,2.25,rodonca01
Dereck Rodríguez,MIN,AL,0,1,2,0,1,0,0,0,7.2,7,5,3,3,4,1,4,0,0,0,34,115,8.72,rodride01
Eduardo Rodriguez*,DET,AL,5,5,17,17,0,0,0,0,91.0,87,49,41,12,34,0,72,2,0,1,391,93,4.43,rodried05
Elvin Rodriguez,DET,AL,0,4,7,5,0,0,0,0,29.2,42,35,35,12,15,1,25,1,0,1,143,36,8.30,rodriel02
Joely Rodríguez*,NYM,NL,2,4,55,0,9,0,0,0,50.1,42,28,25,3,26,1,57,1,0,2,216,87,3.23,rodrijo06
Manuel Rodríguez,CHC,NL,2,0,14,0,5,0,0,4,13.2,10,6,5,1,9,0,8,0,0,2,57,128,4.87,rodrima01
Yerry Rodriguez,TEX,AL,0,0,1,0,0,0,0,0,1.0,1,0,0,0,0,0,1,0,0,1,4,,1.11,rodriye01
Josh Rogers*,WSN,NL,2,2,16,3,4,0,0,0,26.1,24,15,15,6,11,0,12,0,0,0,113,77,6.42,rogerjo01
Taylor Rogers*,TOT,NL,4,8,66,0,40,0,0,31,64.1,57,38,34,7,19,2,84,11,0,1,274,81,3.31,rogerta01
Taylor Rogers*,SDP,NL,1,5,42,0,35,0,0,28,41.1,37,22,20,1,9,1,48,8,0,0,174,86,2.34,rogerta01
Taylor Rogers*,MIL,NL,3,3,24,0,5,0,0,3,23.0,20,16,14,6,10,1,36,3,0,1,100,73,5.07,rogerta01
Trevor Rogers*,MIA,NL,4,11,23,23,0,0,0,0,107.0,116,69,65,15,45,0,106,5,0,5,477,74,4.35,rogertr01
Tyler Rogers,SFG,NL,3,4,68,0,8,0,0,0,75.2,73,34,30,3,23,0,49,5,1,1,319,113,3.44,rogerty01
Jordan Romano,TOR,AL,5,4,63,0,52,0,0,36,64.0,44,18,15,4,21,4,73,4,0,0,258,185,2.82,romanjo03
Jhon Romero,MIN,AL,0,0,4,0,3,0,0,0,5.0,9,2,2,0,1,0,6,0,0,0,24,115,1.31,romerjh01
JoJo Romero*,TOT,NL,0,0,17,0,5,0,0,0,16.1,13,9,9,3,10,0,17,0,0,0,67,81,5.25,romerjo01
JoJo Romero*,PHI,NL,0,0,2,0,1,0,0,0,2.0,4,3,3,1,1,0,1,0,0,0,10,36,10.11,romerjo01
JoJo Romero*,STL,NL,0,0,15,0,4,0,0,0,14.1,9,6,6,2,9,0,16,0,0,0,57,104,4.58,romerjo01
Tommy Romero,TOT,MLB,1,1,4,2,1,0,0,0,8.1,11,12,10,7,9,0,7,0,0,0,44,38,15.59,romerto01
Tommy Romero,TBR,AL,1,0,3,1,1,0,0,0,4.2,3,4,4,2,5,0,5,0,0,0,21,51,9.75,romerto01
Tommy Romero,WSN,NL,0,1,1,1,0,0,0,0,3.2,8,8,6,5,4,0,2,0,0,0,23,29,23.02,romerto01
Sergio Romo,TOT,AL,0,1,23,0,5,0,0,0,18.0,19,16,15,7,6,1,14,0,0,2,79,52,7.61,romose01
Sergio Romo,SEA,AL,0,0,17,0,3,0,0,0,14.1,18,13,13,6,4,0,11,0,0,2,65,47,7.86,romose01
Sergio Romo,TOR,AL,0,1,6,0,2,0,0,0,3.2,1,3,2,1,2,1,3,0,0,0,14,88,6.66,romose01
Angel Rondón,STL,NL,1,0,1,0,0,0,0,0,5.0,1,0,0,0,3,0,4,0,0,0,20,,3.31,rondoan01
Kenny Rosenberg*,LAA,AL,0,0,3,1,1,0,0,0,10.2,9,5,5,1,6,0,8,0,0,0,47,98,4.52,rosenke01
Bubby Rossman,PHI,NL,0,0,1,0,1,0,0,0,1.0,1,2,2,1,1,0,1,0,0,0,5,31,17.11,rossmbu01
Michael Rucker,CHC,NL,3,1,41,0,9,0,0,0,54.2,50,25,24,8,20,0,50,0,0,4,229,104,4.28,ruckemi01
Darin Ruf,TOT,NL,0,0,1,0,1,0,0,0,2.0,1,0,0,0,0,0,0,0,0,0,7,,3.11,rufda01
Darin Ruf,NYM,NL,0,0,1,0,1,0,0,0,2.0,1,0,0,0,0,0,0,0,0,0,7,,3.11,rufda01
José Ruiz,CHW,AL,1,0,63,0,21,0,0,0,60.2,53,32,31,9,33,0,68,0,1,4,265,87,4.43,ruizjo01
Norge Ruíz,OAK,AL,0,1,14,0,6,0,0,0,19.0,30,16,15,4,7,0,18,2,0,2,94,54,5.38,ruizno01
Joe Ryan,MIN,AL,13,8,27,27,0,0,0,0,147.0,115,60,58,20,47,0,151,10,0,2,604,109,3.99,ryanjo04
Hyun Jin Ryu*,TOR,AL,2,0,6,6,0,0,0,0,27.0,32,17,17,5,4,0,16,0,0,0,113,70,4.78,ryuhy01
Connor Sadzeck,MIL,NL,0,0,2,0,2,0,0,0,3.0,4,3,3,2,1,0,2,0,0,1,13,49,11.45,sadzeco01
Chris Sale*,BOS,AL,0,1,2,2,0,0,0,0,5.2,5,3,2,0,1,0,5,1,0,0,25,141,2.41,salech01
Adrian Sampson,CHC,NL,4,5,21,19,2,0,0,0,104.1,101,40,36,10,27,0,73,2,1,0,428,132,3.79,sampsad01
Aaron Sanchez,TOT,MLB,3,4,15,10,2,0,0,0,60.0,78,46,44,8,15,1,41,5,0,2,265,59,4.48,sanchaa01
Aaron Sanchez,WSN,NL,3,3,7,7,0,0,0,0,31.1,47,30,29,6,8,1,16,1,0,1,141,47,5.44,sanchaa01
Aaron Sanchez,MIN,AL,0,1,8,3,2,0,0,0,28.2,31,16,15,2,7,0,25,4,0,1,124,83,3.43,sanchaa01
Aníbal Sánchez,WSN,NL,4,6,14,14,0,0,0,0,69.1,55,34,33,13,33,2,48,4,0,2,292,91,5.77,sanchan01
Cristopher Sánchez*,PHI,NL,2,2,15,3,3,0,0,1,40.0,38,25,25,5,17,1,35,4,0,0,177,73,4.56,sanchcr01
Miguel Sánchez,MIL,NL,1,1,12,0,3,0,0,0,13.1,12,7,6,3,8,2,9,0,0,0,58,100,6.49,sanchmi01
Yolmer Sanchez,BOS,AL,0,0,1,0,1,0,0,0,1.0,3,1,1,0,0,0,0,0,0,0,6,64,3.11,sanchca01
Phoenix Sanders,TBR,AL,0,0,8,0,3,0,0,0,14.2,12,5,5,0,3,0,12,0,0,0,57,121,2.09,sandeph01
Nick Sandlin,CLE,AL,5,2,46,0,11,0,0,0,44.0,27,13,11,2,24,3,41,3,0,1,180,171,3.68,sandlni01
Patrick Sandoval*,LAA,AL,6,9,27,27,0,1,1,0,148.2,139,56,48,8,60,0,151,5,0,6,638,138,3.09,sandopa02
Cole Sands,MIN,AL,0,3,11,3,5,0,0,1,30.2,35,21,20,4,13,0,28,5,0,1,145,66,4.74,sandsco01
Reiver Sanmartin*,CIN,NL,4,4,45,4,3,0,0,0,57.0,66,43,40,8,29,2,47,0,2,2,256,71,4.81,sanmare01
Dennis Santana,TEX,AL,3,8,63,1,13,0,0,1,58.2,50,39,34,2,28,1,54,4,0,3,255,76,3.35,santade01
Tony Santillan,CIN,NL,0,1,21,0,4,0,0,4,19.2,23,14,12,1,12,1,21,4,0,4,96,83,4.08,santito01
Gregory Santos,SFG,NL,0,0,2,0,1,0,0,0,3.2,3,2,2,0,3,0,2,0,0,0,17,90,4.48,santogr01
Tayler Saucedo*,TOR,AL,0,0,4,0,0,0,0,0,2.2,6,4,4,3,1,0,0,0,0,0,15,33,18.86,sauceta01
Hirokazu Sawamura,BOS,AL,1,1,49,0,11,0,0,0,50.2,45,23,21,4,27,2,40,0,0,8,221,113,4.16,sawamhi01
Josh Sborz,TEX,AL,1,0,19,1,6,0,0,0,22.1,25,16,16,4,11,1,32,0,0,2,100,62,4.05,sborzjo01
Max Scherzer,NYM,NL,11,5,23,23,0,0,0,0,145.1,108,39,37,13,24,0,173,11,0,1,565,169,2.62,scherma01
Clarke Schmidt,NYY,AL,5,5,29,3,7,0,0,2,57.2,46,23,20,5,23,3,56,2,0,0,236,125,3.60,schmicl01
John Schreiber,BOS,AL,4,4,64,0,13,0,0,8,65.0,45,19,16,3,19,0,74,4,0,4,257,190,2.50,schrejo01
Max Schrock,CIN,NL,0,0,1,0,1,0,0,0,1.0,7,5,5,2,0,0,0,0,0,0,10,13,29.11,schroma01
Frank Schwindel,CHC,NL,0,0,3,0,3,0,0,0,3.0,8,6,6,4,1,0,0,0,0,0,18,26,21.45,schwifr01
Tanner Scott*,MIA,NL,4,5,67,0,35,0,0,20,62.2,55,34,30,5,46,1,90,4,0,3,289,95,3.67,scottta01
Tayler Scott,SDP,NL,0,1,8,0,2,0,0,0,12.0,19,10,9,1,6,0,13,0,0,0,59,57,3.53,scottta02
Connor Seabold,BOS,AL,0,4,5,5,0,0,0,0,18.1,35,24,23,5,8,0,19,3,0,4,98,38,6.38,seaboco01
JP Sears*,TOT,AL,6,3,17,11,1,0,0,0,70.0,67,31,30,8,23,1,51,2,0,0,288,99,4.21,searsjp01
JP Sears*,NYY,AL,3,0,7,2,1,0,0,0,22.0,14,5,5,1,5,0,15,1,0,0,83,193,3.16,searsjp01
JP Sears*,OAK,AL,3,3,10,9,0,0,0,0,48.0,53,26,25,7,18,1,36,1,0,0,205,80,4.70,searsjp01
Cody Sedlock,BAL,AL,0,0,1,0,0,0,0,0,3.0,6,5,5,0,1,0,3,0,0,0,16,30,2.11,sedloco01
Sam Selman*,OAK,AL,0,0,16,0,7,0,0,0,18.1,16,10,10,4,5,0,18,1,0,0,75,78,4.97,selmasa01
Antonio Senzatela,COL,NL,3,7,19,19,0,0,0,0,92.1,133,56,52,9,23,0,54,3,0,1,413,92,4.05,senzaan01
Brian Serven,COL,NL,0,0,1,0,1,0,0,0,1.0,0,0,0,0,1,0,0,0,0,0,3,,6.11,servebr01
Anderson Severino*,CHW,AL,0,0,6,0,4,0,0,0,7.1,7,5,5,0,4,0,9,2,0,2,34,68,3.11,severan01
Luis Severino,NYY,AL,7,3,19,19,0,0,0,0,102.0,72,37,36,14,30,0,112,4,0,1,405,123,3.70,severlu01
Paul Sewald,SEA,AL,5,4,65,0,37,0,0,20,64.0,32,21,19,10,17,4,72,4,0,1,242,139,3.88,sewalpa01
Bryan Shaw,CLE,AL,6,2,60,2,11,0,0,1,58.1,58,38,35,9,26,1,52,4,0,2,261,71,4.88,shawbr01
Jordan Sheffield,COL,NL,0,0,2,0,2,0,0,0,2.0,2,0,0,0,2,0,1,0,0,0,8,,5.11,sheffjo01
Justus Sheffield*,SEA,AL,1,0,6,1,3,0,0,0,11.2,9,5,5,1,6,0,7,1,0,0,51,99,4.83,sheffju01
Chasen Shreve*,NYM,NL,1,1,25,0,4,0,0,0,26.1,27,19,19,6,10,1,29,0,0,2,114,60,5.01,shrevch01
Chase Silseth,LAA,AL,1,3,7,7,0,0,0,0,28.2,33,21,21,7,12,0,24,1,0,2,129,61,5.97,silsech01
Andrelton Simmons,CHC,NL,0,0,1,0,1,0,0,0,1.0,5,5,5,0,1,0,0,0,0,0,9,13,6.11,simmoan01
Lucas Sims,CIN,NL,1,0,6,0,1,0,0,1,6.2,5,7,7,0,6,0,5,1,0,0,31,50,4.76,simslu01
Brady Singer,KCR,AL,10,5,27,24,2,0,0,0,153.1,140,58,55,18,35,0,150,11,1,3,621,127,3.58,singebr01
Tarik Skubal*,DET,AL,7,8,21,21,0,0,0,0,117.2,104,53,46,9,32,0,117,1,0,1,477,107,2.96,skubata01
Ethan Small*,MIL,NL,0,0,2,2,0,0,0,0,6.1,8,5,5,1,8,0,7,0,0,0,33,59,6.74,smallet01
Devin Smeltzer*,MIN,AL,5,2,15,12,1,0,0,0,70.1,67,30,29,13,19,0,40,1,0,2,287,104,5.23,smeltde01
Caleb Smith*,ARI,NL,1,3,44,1,14,0,0,0,70.0,57,35,32,14,39,1,65,1,0,1,302,98,5.57,smithca03
Chad Smith,COL,NL,0,1,15,0,2,0,0,0,18.0,16,15,15,2,15,0,23,2,0,3,85,63,4.83,smithch12
Drew Smith,NYM,NL,3,3,44,0,6,0,0,0,46.0,38,17,17,9,15,0,53,0,0,0,187,117,4.33,smithdr01
Joe Smith,MIN,AL,1,1,34,0,3,0,0,0,27.1,33,18,14,7,9,1,17,1,1,0,122,85,6.29,smithjo05
Will Smith*,TOT,MLB,0,3,65,0,18,0,0,5,59.0,58,35,26,9,25,3,65,2,3,2,261,102,4.26,smithwi04
Will Smith*,ATL,NL,0,1,41,0,12,0,0,5,37.0,35,25,18,7,21,3,41,2,2,2,171,94,5.22,smithwi04
Will Smith*,HOU,AL,0,2,24,0,6,0,0,0,22.0,23,10,8,2,4,0,24,0,1,0,90,120,2.66,smithwi04
Drew Smyly*,CHC,NL,7,8,22,22,0,0,0,0,106.1,101,46,41,16,26,0,91,5,0,3,447,118,4.23,smylydr01
Kirby Snead*,OAK,AL,1,1,46,0,14,0,0,1,44.2,56,31,29,5,22,3,35,2,0,3,210,64,4.61,sneadki01
Blake Snell*,SDP,NL,8,10,24,24,0,0,0,0,128.0,103,51,48,11,51,0,171,2,0,6,535,111,2.80,snellbl01
Collin Snider,KCR,AL,4,2,42,0,2,0,0,0,34.1,40,25,25,3,15,0,22,2,0,0,151,63,4.45,snideco01
Nicklaus Snyder,TEX,AL,0,0,2,0,0,0,0,0,1.0,1,2,2,0,3,0,0,0,0,0,7,30,12.11,snydeni01
Jared Solomon,CIN,NL,0,0,9,0,5,0,0,0,8.1,8,10,10,3,5,0,9,1,0,0,39,43,7.79,solomja01
Gregory Soto*,DET,AL,2,11,64,0,54,0,0,30,60.1,49,32,22,2,34,1,60,7,0,3,263,116,3.59,sotogr01
Bennett Sousa*,CHW,AL,3,0,25,0,2,0,0,1,20.1,25,20,19,3,10,1,12,1,0,4,96,48,5.47,sousabe01
Gabe Speier*,KCR,AL,0,1,17,1,5,0,0,0,19.1,16,5,5,2,5,0,14,0,0,1,77,179,3.78,speiega01
Jeffrey Springs*,TBR,AL,9,5,33,25,0,0,0,0,135.1,114,42,37,14,31,0,144,1,1,1,549,147,3.04,sprinje01
Locke St. John*,CHC,NL,0,0,1,0,1,0,0,0,2.0,3,3,3,2,0,0,4,0,0,0,9,36,12.11,stjohlo01
Craig Stammen,SDP,NL,1,2,33,1,9,0,0,0,40.2,45,22,20,9,10,0,35,2,0,3,177,85,5.15,stammcr01
Ryne Stanek,HOU,AL,2,1,59,0,10,0,0,1,54.2,36,8,7,2,31,1,62,0,0,4,224,336,3.02,stanery01
Cody Stashak,MIN,AL,3,0,11,0,4,0,0,0,16.1,16,7,7,1,0,0,15,0,0,0,65,102,2.07,stashco01
Josh Staumont,KCR,AL,3,3,42,0,15,0,0,3,37.2,37,28,27,3,29,0,43,1,1,5,176,64,4.25,staumjo01
Drew Steckenrider,SEA,AL,0,2,16,0,3,0,0,2,14.1,21,9,9,2,5,0,10,0,0,0,68,67,4.58,steckdr01
Justin Steele*,CHC,NL,4,7,24,24,0,0,0,0,119.0,111,53,42,8,50,0,126,3,1,4,512,129,3.20,steelju01
Trevor Stephan,CLE,AL,6,5,66,0,8,0,0,3,63.2,57,24,19,3,18,2,82,4,0,3,267,143,2.19,stephtr01
Jackson Stephens,ATL,NL,3,3,39,1,24,0,0,2,53.2,49,32,22,3,23,4,47,3,0,1,235,111,3.54,stephja01
Robert Stephenson,TOT,NL,2,2,58,0,13,0,0,0,58.0,63,39,35,10,14,1,55,1,0,4,247,85,4.23,stephro01
Robert Stephenson,COL,NL,2,1,45,0,9,0,0,0,44.2,53,34,30,8,13,1,37,0,0,3,197,78,4.66,stephro01
Robert Stephenson,PIT,NL,0,1,13,0,4,0,0,0,13.1,10,5,5,2,1,0,18,1,0,1,50,126,2.81,stephro01
Eric Stout*,TOT,NL,0,0,20,0,4,0,0,1,22.1,25,15,14,2,16,1,25,3,0,2,110,76,4.59,stouter01
Eric Stout*,CHC,NL,0,0,2,0,1,0,0,0,3.2,3,2,2,1,1,0,6,0,0,0,15,92,4.20,stouter01
Eric Stout*,PIT,NL,0,0,18,0,3,0,0,1,18.2,22,13,12,1,15,1,19,3,0,2,95,73,4.67,stouter01
Matt Strahm*,BOS,AL,4,4,50,0,10,0,0,4,44.2,38,24,19,5,17,1,52,5,1,2,193,110,3.72,strahma01
Dee Strange-Gordon,WSN,NL,0,0,1,0,1,0,0,0,1.0,2,3,3,1,3,0,0,1,0,0,8,20,28.11,gordode01
Stephen Strasburg,WSN,NL,0,1,1,1,0,0,0,0,4.2,8,7,7,1,2,0,5,1,0,1,23,31,5.68,strasst01
Chris Stratton,TOT,NL,10,4,60,1,23,0,0,2,63.1,72,34,30,4,25,2,60,2,0,4,279,95,3.32,stratch01
Chris Stratton,PIT,NL,5,4,40,1,14,0,0,2,40.2,50,26,23,4,13,2,37,1,0,3,181,82,3.60,stratch01
Chris Stratton,STL,NL,5,0,20,0,9,0,0,0,22.2,22,8,7,0,12,0,23,1,0,1,98,140,2.80,stratch01
Hunter Strickland,CIN,NL,3,3,66,0,35,0,0,7,62.1,61,37,34,8,33,1,60,7,0,1,284,91,4.78,strichu01
Spencer Strider,ATL,NL,11,5,31,20,3,0,0,0,131.2,86,42,39,7,45,1,202,3,0,6,528,152,1.83,stridsp01
Ross Stripling,TOR,AL,10,4,32,24,2,0,0,1,134.1,117,49,45,12,20,0,111,2,0,0,536,129,3.11,stripro01
Marcus Stroman,CHC,NL,6,7,25,25,0,0,0,0,138.2,123,61,54,16,36,0,119,4,2,2,569,117,3.76,stromma01
Peter Strzelecki,MIL,NL,2,1,30,0,13,0,0,1,35.0,28,13,11,2,15,2,40,1,0,0,148,141,2.94,strzepe01
Garrett Stubbs,PHI,NL,0,0,4,0,4,0,0,0,3.2,7,7,7,3,1,0,1,0,0,0,18,26,14.02,stubbga01
José Suarez*,LAA,AL,8,8,22,20,0,0,0,0,109.0,103,49,48,14,33,2,103,4,0,1,462,101,3.91,suarejo01
Ranger Suárez*,PHI,NL,10,7,29,29,0,0,0,0,155.1,149,74,63,15,58,0,129,2,2,4,662,111,3.87,suarera01
Robert Suarez,SDP,NL,5,1,45,0,6,0,0,1,47.2,29,13,12,4,21,0,61,4,1,2,191,166,3.22,suarero01
Beau Sulser,TOT,MLB,0,0,10,0,6,0,0,0,22.1,24,14,9,3,9,2,19,1,0,0,99,116,4.50,sulsebe01
Beau Sulser,PIT,NL,0,0,4,0,2,0,0,0,9.2,8,9,4,1,6,2,10,1,0,0,46,115,4.56,sulsebe01
Beau Sulser,BAL,AL,0,0,6,0,4,0,0,0,12.2,16,5,5,2,3,0,9,0,0,0,53,116,4.45,sulsebe01
Cole Sulser,MIA,NL,1,4,39,0,14,0,0,2,34.0,39,23,20,6,16,1,38,0,0,0,149,77,4.58,sulseco01
Brent Suter*,MIL,NL,5,3,54,0,17,0,0,0,66.2,58,32,28,9,22,0,53,3,0,0,272,105,4.40,suterbr01
Erik Swanson,SEA,AL,3,2,57,1,9,0,0,3,53.2,39,11,10,3,10,1,70,1,0,1,206,222,1.84,swanser01
Matt Swarmer,CHC,NL,2,3,11,5,2,0,0,0,34.0,33,26,19,12,20,1,36,0,0,1,153,82,7.35,swarmma01
Noah Syndergaard,TOT,MLB,10,10,25,24,0,1,0,0,134.2,138,62,59,14,31,0,95,4,0,1,565,103,3.83,syndeno01
Noah Syndergaard,LAA,AL,5,8,15,15,0,0,0,0,80.0,75,36,34,9,22,0,64,4,0,0,338,105,3.95,syndeno01
Noah Syndergaard,PHI,NL,5,2,10,9,0,1,0,0,54.2,63,26,25,5,9,0,31,0,0,1,227,99,3.66,syndeno01
Thomas Szapucki*,TOT,NL,0,1,11,1,2,0,0,0,15.0,19,12,12,6,7,0,18,0,0,1,67,58,7.31,szaputh01
Thomas Szapucki*,NYM,NL,0,1,1,1,0,0,0,0,1.1,7,9,9,4,3,0,2,0,0,0,13,8,45.86,szaputh01
Thomas Szapucki*,SFG,NL,0,0,10,0,2,0,0,0,13.2,12,3,3,2,4,0,16,0,0,1,54,209,3.55,szaputh01
Jameson Taillon,NYY,AL,14,5,32,32,0,0,0,0,177.1,168,78,77,26,32,0,151,5,0,3,728,100,3.94,taillja01
Domingo Tapia,OAK,AL,0,0,11,0,4,0,0,0,17.0,25,16,16,1,14,1,12,1,0,3,90,45,5.11,tapiado01
Freddy Tarnok,ATL,NL,0,0,1,0,1,0,0,0,0.2,1,0,0,0,0,0,1,0,0,0,3,,0.11,tarnofr01
Dillon Tate,BAL,AL,4,4,67,0,13,0,0,5,73.2,57,29,25,6,16,2,60,7,0,3,292,132,3.48,tatedi01
Blake Taylor*,HOU,AL,1,1,19,0,4,0,0,0,16.0,15,7,7,1,10,0,9,1,0,2,75,100,4.86,taylobl01
Michael A. Taylor,KCR,AL,0,0,1,0,1,0,0,0,2.0,5,2,2,1,2,0,2,0,0,0,13,54,10.61,taylomi02
Ryan Tepera,LAA,AL,5,4,59,0,12,0,0,6,57.1,42,27,23,7,20,3,47,2,0,5,232,112,4.21,teperry01
Jackson Tetreault,WSN,NL,2,2,4,4,0,0,0,0,21.0,23,15,12,4,10,0,9,0,0,0,96,77,6.16,tetreja01
Caleb Thielbar*,MIN,AL,4,3,67,0,10,0,0,1,59.1,51,26,23,5,18,1,80,0,2,1,245,111,2.42,thielca01
Keegan Thompson,CHC,NL,10,5,29,17,4,0,0,1,115.0,103,54,48,16,43,0,108,9,0,5,485,109,4.40,thompke02
Mason Thompson,WSN,NL,1,1,24,0,8,0,0,1,24.2,19,8,8,2,9,0,15,1,0,1,101,135,4.17,thompma02
Ryan Thompson,TBR,AL,3,3,47,0,7,0,0,3,42.2,39,24,18,4,11,2,39,2,1,1,181,96,3.42,thompry02
Zach Thompson,PIT,NL,3,10,29,22,1,0,0,0,121.2,138,76,70,19,46,0,90,3,0,5,543,80,4.87,thompza01
Zack Thompson*,STL,NL,1,1,22,1,4,0,0,1,34.2,20,9,8,3,14,0,27,0,0,1,136,186,3.89,thompza02
Tyler Thornburg,TOT,MLB,0,1,14,0,9,0,0,0,19.0,16,10,7,1,11,0,14,1,0,0,87,124,4.22,thornty01
Tyler Thornburg,ATL,NL,0,0,9,0,6,0,0,0,9.1,12,6,4,0,5,0,10,0,0,0,47,109,2.58,thornty01
Tyler Thornburg,MIN,AL,0,1,5,0,3,0,0,0,9.2,4,4,3,1,6,0,4,1,0,0,40,143,5.80,thornty01
Trent Thornton,TOR,AL,0,2,32,0,6,0,0,0,46.0,40,21,21,7,17,0,37,1,0,1,189,95,4.66,thorntr01
Jesus Tinoco,TEX,AL,0,0,17,2,2,0,0,0,20.2,12,5,5,2,10,0,18,1,0,0,84,184,4.22,tinocje01
Justin Topa,MIL,NL,0,0,7,0,1,0,0,0,7.1,9,6,4,0,4,1,4,0,0,0,35,84,3.66,topaju01
Luis Torrens,SEA,AL,1,0,2,0,2,0,0,0,2.0,3,2,1,1,0,0,0,0,0,0,10,99,9.61,torrelu01
Touki Toussaint,LAA,AL,1,1,8,2,2,0,0,0,25.1,15,13,13,2,19,0,26,4,0,2,108,88,4.81,toussto01
Blake Treinen,LAD,NL,1,1,5,0,1,0,0,0,5.0,1,1,1,1,1,0,6,0,0,0,17,249,3.91,treinbl01
Lou Trivino,TOT,AL,2,8,64,0,30,0,0,11,53.2,64,31,27,6,24,2,67,4,0,3,250,85,3.63,trivilo01
Lou Trivino,OAK,AL,1,6,39,0,23,0,0,10,32.0,46,25,23,5,14,2,45,2,0,2,157,58,3.83,trivilo01
Lou Trivino,NYY,AL,1,2,25,0,7,0,0,1,21.2,18,6,4,1,10,0,22,2,0,1,93,238,3.34,trivilo01
Tanner Tully*,CLE,AL,0,0,3,0,2,0,0,0,6.0,8,4,4,1,6,1,2,0,0,1,30,68,7.61,tullyta01
Kyle Tyler,SDP,NL,1,0,2,0,1,0,0,0,4.0,2,0,0,0,1,0,2,0,0,0,14,,2.86,tylerky01
Edwin Uceta,ARI,NL,0,0,10,0,5,0,0,0,17.0,14,12,11,2,7,0,13,1,0,1,73,70,4.52,ucetaed01
Erich Uelmen,CHC,NL,2,1,25,0,8,0,0,1,27.0,25,15,14,3,12,1,21,6,0,1,122,89,5.00,uelmeer01
Duane Underwood Jr.,PIT,NL,1,6,51,1,9,0,0,1,57.1,58,35,28,1,25,1,57,5,0,5,259,95,2.92,underdu01
José Ureña,TOT,NL,3,8,21,17,1,0,0,0,97.0,109,62,54,11,43,0,63,1,0,2,432,93,4.65,urenajo01
José Ureña,MIL,NL,0,0,4,0,1,0,0,0,7.2,7,5,3,1,5,0,3,0,0,1,36,117,5.98,urenajo01
José Ureña,COL,NL,3,8,17,17,0,0,0,0,89.1,102,57,51,10,38,0,60,1,0,1,396,91,4.53,urenajo01
Julio Urías*,LAD,NL,17,7,31,31,0,0,0,0,175.0,127,51,42,23,41,0,166,5,1,0,689,194,3.71,uriasju01
José Urquidy,HOU,AL,13,8,29,28,0,0,0,0,164.1,154,74,72,29,38,0,134,7,0,5,681,98,4.60,urquijo01
César Valdez,LAA,AL,0,0,1,0,1,0,0,0,1.0,2,2,1,0,0,0,0,0,0,0,5,61,3.11,valdece01
Framber Valdez*,HOU,AL,17,6,31,31,0,3,1,0,201.1,166,71,63,11,67,0,194,11,1,11,827,137,3.06,valdefr01
Phillips Valdez,BOS,AL,0,1,13,0,8,0,0,0,16.1,12,11,8,0,7,0,13,6,1,1,72,97,3.91,valdeph01
Josh VanMeter,PIT,NL,0,0,3,0,3,0,0,0,3.0,15,13,13,5,2,0,0,0,0,0,27,12,26.78,vanmejo01
Ildemaro Vargas,TOT,NL,0,0,1,0,1,0,0,0,1.0,0,0,0,0,0,0,0,0,0,0,3,,3.11,vargail01
Ildemaro Vargas,WSN,NL,0,0,1,0,1,0,0,0,1.0,0,0,0,0,0,0,0,0,0,0,3,,3.11,vargail01
Louie Varland,MIN,AL,1,2,5,5,0,0,0,0,26.0,26,11,11,4,6,1,21,1,0,1,106,103,4.30,varlalo01
Andrew Vasquez*,TOT,MLB,0,0,10,0,3,0,0,0,8.2,6,6,6,1,4,0,10,3,1,1,39,68,4.73,vasquan02
Andrew Vasquez*,TOR,AL,0,0,9,0,3,0,0,0,6.2,6,6,6,1,3,0,6,3,1,1,32,51,5.96,vasquan02
Andrew Vasquez*,SFG,NL,0,0,1,0,0,0,0,0,2.0,0,0,0,0,1,0,4,0,0,0,7,,0.61,vasquan02
Vince Velasquez,CHW,AL,3,3,27,9,8,0,0,0,75.1,68,42,40,11,25,0,69,2,1,1,319,83,4.25,velasvi01
Drew VerHagen,STL,NL,3,1,19,0,3,0,0,0,21.2,27,18,16,5,14,1,18,1,0,0,106,58,6.53,verhadr01
Justin Verlander,HOU,AL,18,4,28,28,0,0,0,0,175.0,116,43,34,12,29,0,185,6,0,3,666,220,2.49,verlaju01
Alex Vesia*,LAD,NL,5,0,63,0,6,0,0,1,54.1,37,14,13,2,24,1,79,2,0,2,227,195,2.12,vesiaal01
Nick Vespi*,BAL,AL,5,0,25,0,4,0,0,1,26.1,29,12,12,5,8,1,28,1,0,0,112,99,4.48,vespini01
Will Vest,DET,AL,3,3,59,2,8,0,0,1,63.0,62,30,28,6,22,0,63,3,0,7,272,95,3.54,vestwi01
Cam Vieaux*,PIT,NL,0,0,8,0,2,0,0,0,8.2,15,11,10,2,5,0,15,1,0,0,48,42,4.73,vieauca01
Arodys Vizcaíno,KCR,AL,0,0,7,0,1,0,0,0,5.2,4,4,4,1,7,0,3,0,0,0,29,68,8.05,vizcaar01
Austin Voth,TOT,MLB,5,4,41,17,1,0,0,0,101.2,111,52,49,14,31,0,90,3,0,5,442,92,4.13,vothau01
Austin Voth,WSN,NL,0,0,19,0,1,0,0,0,18.2,34,22,21,4,6,0,18,0,0,2,94,39,4.93,vothau01
Austin Voth,BAL,AL,5,4,22,17,0,0,0,0,83.0,77,30,28,10,25,0,72,3,0,3,348,132,3.96,vothau01
Michael Wacha,BOS,AL,11,2,23,23,0,1,1,0,127.1,111,49,47,18,31,0,104,4,0,4,515,127,4.14,wachami01
Adam Wainwright,STL,NL,11,12,32,32,0,1,0,0,191.2,192,80,79,16,54,1,143,7,0,5,803,103,3.66,wainwad01
Cole Waites,SFG,NL,0,0,7,0,3,0,0,0,5.2,6,2,2,1,4,0,4,0,0,0,25,135,6.11,waiteco01
Ken Waldichuk*,OAK,AL,2,2,7,7,0,0,0,0,34.2,32,19,19,5,10,0,33,4,0,1,146,76,4.29,waldike01
Taijuan Walker,NYM,NL,12,5,29,29,0,0,0,0,157.1,143,63,61,15,45,1,132,6,0,0,649,111,3.65,walketa01
Jake Walsh,STL,NL,0,1,3,0,1,0,0,0,2.2,3,4,4,0,2,0,5,1,0,0,15,32,2.74,walshja02
Nash Walters,LAA,AL,0,0,1,0,0,0,0,0,0.1,1,0,0,0,1,0,0,0,0,0,3,,12.11,waltena01
Donovan Walton,SFG,NL,0,0,1,0,1,0,0,0,1.0,3,3,3,1,1,0,0,0,0,1,7,21,19.11,waltodo01
Andrew Wantz,LAA,AL,2,1,42,1,7,0,0,0,50.1,37,19,18,8,21,0,52,2,1,2,204,125,4.48,wantzan01
Art Warren,CIN,NL,2,3,39,0,15,0,0,3,36.0,37,29,26,6,22,1,40,2,0,0,165,69,5.06,warrear01
Austin Warren,LAA,AL,2,0,14,0,2,0,0,0,16.0,19,10,10,3,5,2,9,0,1,1,70,73,5.36,warreau01
Spenser Watkins,BAL,AL,5,6,23,20,1,0,0,0,105.1,119,59,55,11,30,0,63,4,1,3,459,85,4.24,watkisp01
Ryan Weathers*,SDP,NL,0,0,1,1,0,0,0,0,3.2,6,4,4,0,4,0,3,0,0,0,21,42,4.75,weathry01
Luke Weaver,TOT,MLB,1,1,26,1,15,0,0,0,35.2,52,29,26,1,13,0,38,3,0,2,174,63,2.69,weavelu01
Luke Weaver,ARI,NL,1,1,12,1,4,0,0,0,16.1,24,14,14,1,5,0,19,1,0,0,79,53,2.68,weavelu01
Luke Weaver,KCR,AL,0,0,14,0,11,0,0,0,19.1,28,15,12,0,8,0,19,2,0,2,95,74,2.70,weavelu01
Logan Webb,SFG,NL,15,9,32,32,0,0,0,0,192.1,174,76,62,11,49,0,163,7,0,6,787,139,3.03,webblo01
Ryan Weber,NYY,AL,0,0,5,0,4,0,0,1,10.2,6,1,1,1,1,0,3,0,0,0,37,477,4.05,weberry01
Jordan Weems,WSN,NL,0,1,32,0,3,0,0,0,39.2,35,24,23,7,12,1,41,0,1,4,166,75,4.25,weemsjo01
Zack Weiss,LAA,AL,0,1,12,0,6,0,0,0,13.1,7,6,5,2,7,2,18,1,0,2,56,122,4.16,weissza01
Greg Weissert,NYY,AL,3,0,12,0,2,0,0,0,11.1,6,7,7,1,5,0,11,2,1,0,48,72,4.17,weissgr01
Alex Wells*,BAL,AL,0,0,2,0,2,0,0,0,3.2,5,2,2,2,0,0,6,0,0,0,16,90,6.93,wellsal01
Tyler Wells,BAL,AL,7,7,23,23,0,0,0,0,103.2,90,49,49,16,28,0,76,2,0,0,423,94,4.52,wellsty01
J.B. Wendelken,ARI,NL,2,1,29,0,6,0,0,0,29.0,25,18,17,4,14,0,21,1,0,1,122,77,5.01,wendejb01
Joey Wentz*,DET,AL,2,2,7,7,0,0,0,0,32.2,23,13,11,2,13,0,27,1,0,2,135,126,3.54,wentzjo01
Hayden Wesneski,CHC,NL,3,2,6,4,1,0,0,0,33.0,24,9,8,3,7,0,33,3,0,0,132,190,3.20,wesneha01
Zack Wheeler,PHI,NL,12,7,26,26,0,0,0,0,153.0,125,52,48,13,34,1,163,7,1,1,607,144,2.89,wheelza01
Mitch White,TOT,MLB,1,7,25,18,2,0,0,0,99.0,110,62,60,9,35,0,78,3,0,5,440,75,3.87,whitemi03
Mitch White,LAD,NL,1,2,15,10,1,0,0,0,56.0,51,25,23,6,19,0,47,2,0,4,237,114,3.95,whitemi03
Mitch White,TOR,AL,0,5,10,8,1,0,0,0,43.0,59,37,37,3,16,0,31,1,0,1,203,51,3.76,whitemi03
Kodi Whitley,STL,NL,2,0,14,0,5,0,0,0,12.2,11,8,8,2,9,0,12,2,0,0,59,69,5.88,whitlko01
Garrett Whitlock,BOS,AL,4,2,31,9,10,0,0,6,78.1,65,32,30,10,15,0,82,1,0,2,311,122,3.29,whitlga01
Rowan Wick,CHC,NL,4,7,64,0,22,0,0,9,64.0,79,37,30,9,29,2,69,1,0,3,294,98,4.19,wickro01
Taylor Widener,ARI,NL,0,1,14,0,4,0,0,0,17.1,22,8,7,2,5,1,14,3,0,0,82,113,4.38,widenta01
Collin Wiles,OAK,AL,0,0,4,0,1,0,0,0,9.2,11,6,5,1,2,0,9,1,0,0,41,83,3.53,wilesco01
Devin Williams,MIL,NL,6,4,65,0,21,0,0,15,60.2,31,17,13,2,30,1,96,3,0,5,240,205,2.01,willide03
Trevor Williams,NYM,NL,3,5,30,9,5,0,0,1,89.2,87,34,32,12,23,1,84,4,0,1,372,120,3.88,willitr01
Bryse Wilson,PIT,NL,3,9,25,20,0,0,0,0,115.2,132,80,71,20,32,1,79,9,0,2,509,75,5.06,wilsobr02
Justin Wilson*,CIN,NL,0,1,5,0,0,0,0,0,3.2,3,1,1,0,0,0,7,0,0,0,13,199,-0.71,wilsoju10
Steven Wilson,SDP,NL,4,2,50,1,8,0,0,1,53.0,36,20,18,7,20,0,53,3,0,4,214,123,4.13,wilsost02
Josh Winckowski,BOS,AL,5,7,15,14,1,0,0,0,70.1,85,47,46,10,27,1,44,2,0,0,316,72,4.95,winckjo01
Josh Winder,MIN,AL,4,6,15,11,0,0,0,0,67.0,69,37,35,11,18,0,47,5,0,2,287,82,4.87,windejo01
Matt Wisler,TBR,AL,3,3,39,5,10,0,0,1,44.0,30,18,11,6,14,1,35,0,1,1,176,162,4.25,wislema01
Nick Wittgren,STL,NL,1,0,29,0,9,0,0,1,29.0,35,19,19,1,10,0,17,4,0,3,134,66,3.84,wittgni01
Alex Wood*,SFG,NL,8,12,26,26,0,0,0,0,130.2,132,78,74,17,30,1,131,12,0,4,555,79,3.76,woodal02
Jake Woodford,STL,NL,4,0,27,1,16,0,0,0,48.1,43,13,12,1,11,1,24,1,0,3,188,172,3.13,woodfja01
Brandon Woodruff,MIL,NL,13,4,27,27,0,0,0,0,153.1,122,56,52,18,42,0,190,5,0,2,620,129,3.08,woodrbr01
Simeon Woods Richardson,MIN,AL,0,1,1,1,0,0,0,0,5.0,3,3,2,1,2,0,3,0,0,1,20,115,5.71,woodssi01
William Woods,ATL,NL,0,0,2,0,1,0,0,0,2.0,2,0,0,0,1,0,2,0,0,0,8,,2.61,woodswi02
Kyle Wright,ATL,NL,21,5,30,30,0,0,0,0,180.1,156,67,64,19,53,0,174,9,0,7,738,127,3.58,wrighky01
Austin Wynns,SFG,NL,0,0,2,0,2,0,0,0,2.0,3,3,3,1,1,0,0,0,0,0,10,35,11.11,wynnsau01
Jimmy Yacabonis,TOT,MLB,1,1,14,1,5,0,0,0,14.0,20,15,13,4,10,0,21,2,0,1,73,49,6.40,yacabji01
Jimmy Yacabonis,MIA,NL,1,1,9,0,3,0,0,0,9.1,12,8,7,3,5,0,15,0,0,1,45,62,5.68,yacabji01
Jimmy Yacabonis,TBR,AL,0,0,5,1,2,0,0,0,4.2,8,7,6,1,5,0,6,2,0,0,28,34,7.83,yacabji01
Miguel Yajure,PIT,NL,1,1,12,1,4,0,0,1,24.1,31,26,24,3,16,1,16,2,1,4,119,47,5.62,yajurmi01
Ryan Yarbrough*,TBR,AL,3,8,20,9,2,0,0,0,80.0,88,44,40,12,22,0,61,11,0,3,355,81,4.77,yarbrry01
Kirby Yates,ATL,NL,0,0,9,0,3,0,0,0,7.0,6,4,4,2,5,0,6,0,0,2,33,83,7.25,yateski01
Huascar Ynoa,ATL,NL,0,2,2,2,0,0,0,0,6.2,11,10,10,2,6,0,8,0,0,1,37,32,7.31,ynoahu01
Alex Young*,TOT,MLB,1,1,25,1,2,0,0,0,26.2,29,11,7,0,11,0,21,1,0,3,116,175,2.89,youngal01
Alex Young*,CLE,AL,0,0,1,0,1,0,0,0,0.1,1,0,0,0,0,0,1,0,0,0,2,,-2.89,youngal01
Alex Young*,SFG,NL,1,1,24,1,1,0,0,0,26.1,28,11,7,0,11,0,20,1,0,3,114,170,2.96,youngal01
Danny Young*,TOT,MLB,0,0,3,0,3,0,0,0,6.1,11,3,3,1,2,0,6,0,0,0,32,101,4.22,youngda02
Danny Young*,SEA,AL,0,0,2,0,2,0,0,0,3.2,7,3,3,1,2,0,5,0,0,0,20,56,5.57,youngda02
Danny Young*,ATL,NL,0,0,1,0,1,0,0,0,2.2,4,0,0,0,0,0,1,0,0,0,12,,2.36,youngda02
Aneurys Zabala,MIA,NL,0,0,2,0,2,0,0,0,2.2,3,0,0,0,1,0,2,0,0,0,11,,2.74,zabalan01
Rob Zastryzny*,TOT,MLB,0,0,6,0,1,0,0,0,4.0,3,4,3,0,1,0,3,0,0,1,16,70,2.36,zastrro01
Rob Zastryzny*,NYM,NL,0,0,1,0,0,0,0,0,1.0,1,1,1,0,0,0,1,0,0,0,4,60,1.11,zastrro01
Rob Zastryzny*,LAA,AL,0,0,5,0,1,0,0,0,3.0,2,3,2,0,1,0,2,0,0,1,12,75,2.78,zastrro01
Angel Zerpa*,KCR,AL,2,1,3,2,0,0,0,0,11.0,9,3,2,2,3,0,3,0,0,1,44,258,5.75,zerpaan01
T.J. Zeuch,CIN,NL,0,3,3,3,0,0,0,0,10.2,24,18,18,5,7,0,5,3,0,0,64,30,11.08,zeuchtj01
Bruce Zimmermann*,BAL,AL,2,5,15,13,1,0,0,0,73.2,97,52,49,21,12,0,49,2,0,1,320,67,6.06,zimmebr02