Name,Tm,Lg,G,PA,AB,R,H,2B,3B,HR,RBI,SB,CS,BB,SO,OPS+,TB,GDP,HBP,SH,SF,IBB,Name-additional
CJ Abrams*,TOT,NL,90,302,284,33,70,12,2,2,21,7,4,5,50,76,92,5,9,2,2,0,abramcj01
CJ Abrams*,SDP,NL,46,139,125,16,29,5,0,2,11,1,2,4,27,77,40,4,6,2,2,0,abramcj01
CJ Abrams*,WSN,NL,44,163,159,17,41,7,2,0,10,6,2,1,23,75,52,1,3,0,0,0,abramcj01
Albert Abreu,TOT,AL,1,0,0,0,0,0,0,0,0,0,0,0,0,,0,0,0,0,0,0,abreual01
Albert Abreu,KCR,AL,1,0,0,0,0,0,0,0,0,0,0,0,0,,0,0,0,0,0,0,abreual01
José Abreu,CHW,AL,157,679,601,85,183,40,0,15,75,0,0,62,110,133,268,19,12,0,4,2,abreujo02
Ronald Acuna Jr.,ATL,NL,119,533,467,71,124,24,0,15,50,29,11,53,126,114,193,8,10,0,3,4,acunaro01
Willy Adames,MIL,NL,139,617,563,83,134,31,0,31,98,8,3,49,166,112,258,11,1,0,4,3,adamewi01
Riley Adams,WSN,NL,48,155,142,14,25,4,0,5,10,0,1,12,46,60,44,2,1,0,0,0,adamsri03
Jo Adell,LAA,AL,88,285,268,22,60,12,2,8,27,4,2,11,107,79,100,6,4,0,1,0,adelljo01
Ehire Adrianza#,TOT,NL,37,110,97,8,17,3,0,0,7,1,0,11,25,39,20,2,1,0,1,0,adriaeh01
Ehire Adrianza#,WSN,NL,31,94,84,5,15,2,0,0,7,1,0,8,22,36,17,2,1,0,1,0,adriaeh01
Ehire Adrianza#,ATL,NL,6,16,13,3,2,1,0,0,0,0,0,3,3,56,3,0,0,0,0,0,adriaeh01
Jesús Aguilar,TOT,MLB,129,507,464,39,109,19,0,16,51,1,0,28,119,86,176,8,4,0,5,1,aguilje01
Jesús Aguilar,MIA,NL,113,456,415,37,98,18,0,15,49,1,0,27,106,89,161,8,4,0,5,1,aguilje01
Jesús Aguilar,BAL,AL,16,51,49,2,11,1,0,1,2,0,0,1,13,54,15,0,0,0,0,0,aguilje01
Ryan Aguilar*,LAA,AL,7,26,22,2,3,1,0,0,2,0,0,2,14,20,4,0,1,0,1,0,aguilry01
Nick Ahmed,ARI,NL,17,54,52,7,12,2,0,3,7,0,1,2,15,95,23,2,0,0,0,0,ahmedni01
Hanser Alberto,LAD,NL,73,159,156,13,38,9,2,2,15,0,1,3,25,70,57,7,0,0,0,0,alberha01
Ozzie Albies#,ATL,NL,64,269,247,36,61,16,0,8,35,3,5,16,47,95,101,0,2,0,4,0,albieoz01
Sergio Alcántara#,TOT,NL,164,410,205,26,45,8,1,6,29,1,2,12,57,75,73,6,1,2,4,0,alcanse01
Sergio Alcántara#,ARI,NL,71,186,53,6,10,2,1,1,7,0,0,1,13,46,17,1,0,1,1,0,alcanse01
Sergio Alcántara#,SDP,NL,22,38,35,3,4,0,0,0,3,0,2,2,12,-18,4,0,0,0,1,0,alcanse01
Sergio Alcántara#,ARI,NL,71,186,117,17,31,6,0,5,19,1,0,9,32,115,52,5,1,1,2,0,alcanse01
Scott Alexander*,SFG,NL,1,0,0,0,0,0,0,0,0,0,0,0,0,,0,0,0,0,0,0,alexasc02
Jorge Alfaro,SDP,NL,82,274,256,25,63,14,0,7,40,1,0,11,98,94,98,5,4,0,3,0,alfarjo01
Anthony Alford,PIT,NL,2,4,4,0,1,0,0,0,0,0,0,0,2,42,1,0,0,0,0,0,alforan01
Austin Allen*,OAK,AL,5,16,14,1,1,0,0,0,0,0,0,1,9,-20,1,1,1,0,0,0,allenau01
Greg Allen#,PIT,NL,46,134,118,17,22,4,0,2,8,8,2,10,42,51,32,2,2,3,1,0,allengr01
Nick Allen,OAK,AL,100,326,299,31,62,13,0,4,19,3,2,19,64,60,87,5,1,6,1,0,allenni02
Abraham Almonte#,BOS,AL,15,37,35,7,9,2,0,1,2,1,0,1,12,92,14,1,1,0,0,0,almonab01
Albert Almora,CIN,NL,64,235,215,26,48,10,1,5,29,3,2,17,46,71,75,9,1,1,1,0,almoral01
Pete Alonso,NYM,NL,160,685,597,95,162,27,0,40,131,5,1,67,128,146,309,17,12,0,9,16,alonspe01
Jose Altuve,HOU,AL,141,604,527,103,158,39,0,28,57,18,1,66,87,160,281,13,10,0,1,2,altuvjo01
José Alvarado*,PHI,NL,1,1,1,0,0,0,0,0,0,0,0,0,1,-100,0,0,0,0,0,0,alvarjo03
Eddy Alvarez*,LAD,NL,14,27,25,1,4,0,0,0,3,1,0,0,9,-13,4,1,0,1,1,0,alvared01
Francisco Álvarez,NYM,NL,5,14,12,3,2,1,0,1,1,0,0,2,4,121,6,1,0,0,0,0,alvarfr01
Yordan Alvarez*,HOU,AL,135,561,470,95,144,29,2,37,97,1,1,78,106,187,288,12,6,0,7,9,alvaryo01
Brian Anderson,MIA,NL,98,383,338,43,75,16,1,8,28,1,0,37,101,87,117,7,7,0,1,2,anderbr06
Tim Anderson,CHW,AL,79,351,332,50,100,13,0,6,25,13,0,14,55,108,131,10,5,0,0,1,anderti01
Tyler Anderson*,LAD,NL,2,1,1,0,0,0,0,0,0,0,0,0,1,-100,0,0,0,0,0,0,anderty01
Elvis Andrus,TOT,AL,149,577,535,66,133,32,0,17,58,18,4,39,92,103,216,11,3,0,0,0,andruel01
Elvis Andrus,OAK,AL,106,386,354,41,84,24,0,8,30,7,4,30,62,96,132,10,2,0,0,0,andruel01
Elvis Andrus,CHW,AL,43,191,181,25,49,8,0,9,28,11,0,9,30,116,84,1,1,0,0,0,andruel01
Miguel Andújar,TOT,MLB,36,140,132,13,31,5,1,1,17,4,1,5,27,61,41,1,0,0,3,0,andujmi01
Miguel Andújar,NYY,AL,27,100,96,9,22,2,0,1,8,4,0,3,22,52,27,0,0,0,1,0,andujmi01
Miguel Andújar,PIT,NL,9,40,36,4,9,3,1,0,9,0,1,2,5,85,14,1,0,0,2,0,andujmi01
Mark Appel,PHI,NL,1,0,0,0,0,0,0,0,0,0,0,0,0,,0,0,0,0,0,0,appelma01
Aristides Aquino,CIN,NL,80,276,259,24,51,13,0,10,30,2,3,17,101,63,94,1,0,0,0,0,aquinar01
Jonathan Aranda*,TBR,AL,32,87,78,10,15,4,0,2,6,0,0,8,23,75,25,1,1,0,0,1,arandjo01
Jonathan Araúz#,TOT,AL,15,41,38,3,5,0,0,1,5,0,0,1,12,1,8,0,0,1,1,0,arauzjo01
Jonathan Araúz#,BOS,AL,6,12,10,1,0,0,0,0,1,0,0,0,3,-100,0,0,0,1,1,0,arauzjo01
Jonathan Araúz#,BAL,AL,9,29,28,2,5,0,0,1,4,0,0,1,9,39,8,0,0,0,0,0,arauzjo01
Orlando Arcia,ATL,NL,67,234,209,25,51,9,0,9,30,0,0,21,51,104,87,7,2,0,2,0,arciaor01
Nolan Arenado,STL,NL,148,620,557,73,163,42,1,30,103,5,3,52,72,154,297,15,7,0,4,3,arenano01
Gabriel Arias,CLE,AL,16,57,47,9,9,1,1,1,5,1,0,8,16,87,15,1,1,1,0,0,ariasga01
Randy Arozarena,TBR,AL,153,645,586,72,154,41,3,20,89,32,12,46,156,124,261,17,11,0,2,2,arozara01
Luis Arraez*,MIN,AL,144,603,547,88,173,31,1,8,49,4,4,50,43,130,230,6,3,0,3,2,arraelu01
Christian Arroyo,BOS,AL,87,300,280,32,80,16,1,6,36,5,1,13,49,103,116,7,3,2,2,2,arroych01
Willians Astudillo,MIA,NL,21,55,54,5,13,0,0,1,4,1,0,1,3,56,16,2,0,0,0,0,astudwi01
José Azocar,SDP,NL,98,216,202,24,52,9,3,0,10,5,6,12,44,85,67,6,0,1,1,0,azocajo01
Akil Baddoo*,DET,AL,73,225,201,30,41,3,2,2,9,9,6,24,64,65,54,2,0,0,0,0,baddoak01
Harrison Bader,TOT,MLB,86,313,292,38,73,10,3,5,30,17,3,15,62,87,104,4,4,0,2,0,baderha01
Harrison Bader,STL,NL,72,264,246,35,63,7,3,5,21,15,2,13,47,94,91,4,4,0,1,0,baderha01
Harrison Bader,NYY,AL,14,49,46,3,10,3,0,0,9,2,1,2,15,51,13,0,0,0,1,0,baderha01
Ji Hwan Bae*,PIT,NL,10,37,33,5,11,3,0,0,6,3,0,2,6,136,14,0,2,0,0,0,baeji01
Javier Báez,DET,AL,144,590,555,64,132,27,4,17,67,9,2,26,147,93,218,13,6,0,3,1,baezja01
Rylan Bannon,TOT,MLB,5,15,14,0,2,0,0,0,0,0,0,0,5,0,2,0,1,0,0,0,bannory01
Rylan Bannon,BAL,AL,4,15,14,0,2,0,0,0,0,0,0,0,5,0,2,0,1,0,0,0,bannory01
Rylan Bannon,ATL,NL,1,0,0,0,0,0,0,0,0,0,0,0,0,,0,0,0,0,0,0,bannory01
Daniel Bard,COL,NL,3,0,0,0,0,0,0,0,0,0,0,0,0,,0,0,0,0,0,0,bardda01
Joe Barlow,TEX,AL,1,0,0,0,0,0,0,0,0,0,0,0,0,,0,0,0,0,0,0,barlojo01
Scott Barlow,KCR,AL,3,0,0,0,0,0,0,0,0,0,0,0,0,,0,0,0,0,0,0,barlosc01
Austin Barnes,LAD,NL,62,212,179,31,38,6,0,8,26,2,1,27,37,94,68,5,3,2,1,0,barneau01
Tucker Barnhart*,DET,AL,94,308,281,16,62,10,0,1,16,0,0,25,74,64,75,7,1,1,0,0,barnhtu01
Luis Barrera*,OAK,AL,32,85,77,3,18,5,0,1,7,3,0,6,17,84,26,2,1,0,1,0,barrelu01
Tres Barrera,WSN,NL,19,53,50,2,9,1,0,0,4,0,0,2,16,21,10,1,0,1,0,0,barretr01
Jose Barrero,CIN,NL,48,174,165,13,25,3,0,2,10,4,1,9,76,10,34,4,0,0,0,0,garcijo02
Joey Bart,SFG,NL,97,291,261,34,56,6,0,11,25,2,1,26,112,86,95,5,4,0,0,0,bartjo01
Anthony Bass,TOT,MLB,1,0,0,0,0,0,0,0,0,0,0,0,0,,0,0,0,0,0,0,bassan01
Anthony Bass,MIA,NL,1,0,0,0,0,0,0,0,0,0,0,0,0,,0,0,0,0,0,0,bassan01
Matthew Batten,SDP,NL,15,22,19,0,2,1,0,0,1,0,0,2,6,16,3,0,1,0,0,0,battema01
Brett Baty*,NYM,NL,11,42,38,4,7,0,0,2,5,0,0,2,8,67,13,0,1,0,0,0,batybr01
Félix Bautista,BAL,AL,4,0,0,0,0,0,0,0,0,0,0,0,0,,0,0,0,0,0,0,bautife01
Matt Beaty*,SDP,NL,20,47,43,6,4,1,1,0,1,0,0,2,8,-1,7,3,2,0,0,0,beatyma01
Tim Beckham,MIN,AL,12,25,25,1,2,0,0,0,1,0,0,0,9,-53,2,2,0,0,0,0,beckhti01
David Bednar*,PIT,NL,1,0,0,0,0,0,0,0,0,0,0,0,0,,0,0,0,0,0,0,bednada01
Seth Beer*,ARI,NL,38,126,111,4,21,3,0,1,9,0,0,11,31,51,27,3,3,0,1,1,beerse01
Josh Bell#,TOT,NL,156,647,552,78,147,29,3,17,71,0,1,81,102,128,233,22,5,0,6,4,belljo02
Josh Bell#,WSN,NL,103,437,375,52,113,24,3,14,57,0,1,49,61,153,185,19,5,0,6,4,belljo02
Josh Bell#,SDP,NL,53,210,177,26,34,5,0,3,14,0,0,32,41,75,48,3,0,0,0,0,belljo02
Andrew Bellatti,PHI,NL,1,0,0,0,0,0,0,0,0,0,0,0,0,,0,0,0,0,0,0,bellaan01
Cody Bellinger*,LAD,NL,144,550,504,70,106,27,3,19,68,14,3,38,150,78,196,7,2,0,6,0,bellico01
Brandon Belt*,SFG,NL,78,298,254,25,54,9,1,8,23,1,0,37,81,92,89,9,6,0,1,2,beltbr01
Anthony Bemboom*,BAL,AL,22,59,52,4,6,2,0,1,1,0,0,6,17,20,11,1,0,1,0,0,bemboan01
Andrew Benintendi*,TOT,AL,126,521,461,54,140,23,3,5,51,8,3,52,77,120,184,7,2,1,5,0,beninan01
Andrew Benintendi*,KCR,AL,93,390,347,40,111,14,2,3,39,4,2,39,52,124,138,6,1,0,3,0,beninan01
Andrew Benintendi*,NYY,AL,33,131,114,14,29,9,1,2,12,4,1,13,25,109,46,1,1,1,2,0,beninan01
Will Benson*,CLE,AL,28,61,55,8,10,1,0,0,3,0,0,3,19,33,11,1,2,1,0,0,bensowi01
Wynton Bernard,COL,NL,12,42,42,9,12,1,0,0,3,3,1,0,8,60,13,1,0,0,0,0,bernawy01
Jon Berti,MIA,NL,102,404,358,47,86,17,3,4,28,41,5,42,89,89,121,6,3,0,1,0,bertijo01
Christian Bethancourt,TOT,AL,100,333,318,39,80,17,0,11,34,5,1,12,80,100,130,6,2,1,0,0,bethach01
Christian Bethancourt,OAK,AL,56,182,169,23,42,11,0,4,19,4,1,10,41,98,65,3,2,1,0,0,bethach01
Christian Bethancourt,TBR,AL,44,151,149,16,38,6,0,7,15,1,0,2,39,101,65,3,0,0,0,0,bethach01
Mookie Betts,LAD,NL,142,639,572,117,154,40,3,35,82,12,2,55,104,136,305,8,8,0,4,0,bettsmo01
Bo Bichette,TOR,AL,159,697,652,91,189,43,1,24,93,13,8,41,155,127,306,21,2,0,2,0,bichebo01
Phil Bickford,LAD,NL,2,0,0,0,0,0,0,0,0,0,0,0,0,,0,0,0,0,0,0,bickfph01
Cavan Biggio*,TOR,AL,97,303,257,43,52,18,1,6,24,2,0,38,85,92,90,2,6,1,1,0,biggica01
Charlie Blackmon*,COL,NL,135,577,530,60,140,22,6,16,78,4,1,32,109,95,222,10,8,4,3,4,blackch02
Dairon Blanco,KCR,AL,5,7,7,1,2,0,0,0,2,1,0,0,4,63,2,0,0,0,0,0,blancda02
Travis Blankenhorn*,NYM,NL,1,3,3,0,0,0,0,0,0,0,0,0,1,-100,0,0,0,0,0,0,blanktr01
JJ Bleday*,MIA,NL,65,238,204,21,34,10,2,5,16,4,1,30,67,67,63,5,2,0,2,0,bledajj01
Richard Bleier*,MIA,NL,1,0,0,0,0,0,0,0,0,0,0,0,0,,0,0,0,0,0,0,bleieri01
Xander Bogaerts,BOS,AL,150,631,557,84,171,38,0,15,73,8,2,57,118,131,254,14,10,0,7,2,bogaexa01
Alec Bohm,PHI,NL,152,631,586,79,164,24,3,13,72,2,3,31,110,100,233,18,4,0,10,1,bohmal01
Ronald Bolaños,KCR,AL,1,0,0,0,0,0,0,0,0,0,0,0,0,,0,0,0,0,0,0,bolanro01
Skye Bolt#,OAK,AL,42,116,106,10,21,2,0,4,13,5,0,7,30,71,35,1,2,0,1,0,boltsk01
David Bote,CHC,NL,41,127,116,15,30,8,0,4,12,1,0,6,45,109,50,3,4,0,1,0,boteda01
Sean Bouchard,COL,NL,27,97,74,9,22,6,0,3,11,0,0,21,25,157,37,1,1,0,1,0,bouchse01
Bobby Bradley*,CLE,AL,8,17,17,1,2,0,0,0,0,0,0,0,9,-31,2,0,0,0,0,0,bradlbo01
Jackie Bradley Jr.*,TOT,AL,131,370,344,30,70,23,1,4,38,2,3,24,77,58,107,5,0,2,0,0,bradlja02
Jackie Bradley Jr.*,BOS,AL,91,290,271,21,57,19,1,3,29,2,3,17,58,60,87,3,0,2,0,0,bradlja02
Jackie Bradley Jr.*,TOR,AL,40,80,73,9,13,4,0,1,9,0,0,7,19,51,20,2,0,0,0,0,bradlja02
Michael Brantley*,HOU,AL,64,277,243,28,70,14,1,5,26,1,1,31,30,125,101,1,1,1,1,2,brantmi02
Rob Brantly*,NYY,AL,1,3,3,0,1,1,0,0,0,0,0,0,0,177,2,0,0,0,0,0,brantro01
Matt Brash,SEA,AL,1,0,0,0,0,0,0,0,0,0,0,0,0,,0,0,0,0,0,0,brashma01
Alex Bregman,HOU,AL,155,656,548,93,142,38,0,23,93,1,2,87,77,133,249,18,11,0,10,1,bregmal01
Will Brennan*,CLE,AL,11,45,42,6,15,1,1,1,8,2,1,2,4,159,21,0,1,0,0,1,brennwi02
Jonah Bride,OAK,AL,58,187,162,17,33,4,0,1,6,1,0,19,32,63,40,4,4,1,1,0,bridejo01
Lewis Brinson,SFG,NL,16,39,36,5,6,2,0,3,4,1,0,2,14,86,17,0,0,1,0,0,brinsle01
Mike Brosseau,MIL,NL,69,160,141,15,36,5,0,6,23,2,0,14,48,117,59,0,5,0,0,0,brossmi01
Seth Brown*,OAK,AL,150,555,500,55,115,26,3,25,73,11,2,51,146,116,222,7,3,0,1,3,brownse01
Justin Bruihl*,LAD,NL,1,0,0,0,0,0,0,0,0,0,0,0,0,,0,0,0,0,0,0,bruihju01
Vidal Bruján#,TBR,AL,52,162,147,13,24,5,0,3,16,5,5,12,37,43,38,2,1,0,2,0,brujavi01
Kris Bryant,COL,NL,42,181,160,28,49,12,0,5,14,0,0,17,27,127,76,7,2,0,2,0,bryankr01
Aaron Bummer*,CHW,AL,1,0,0,0,0,0,0,0,0,0,0,0,0,,0,0,0,0,0,0,bummeaa01
Peyton Burdick,MIA,NL,32,102,92,8,19,4,0,4,11,1,0,8,35,87,35,1,2,0,0,0,burdipe01
Jake Burger,CHW,AL,51,183,168,20,42,9,1,8,26,0,0,10,56,112,77,7,3,1,1,1,burgeja01
Alec Burleson*,STL,NL,16,53,48,4,9,1,0,1,3,1,0,5,9,56,13,1,0,0,0,0,burleal01
Byron Buxton,MIN,AL,92,382,340,61,76,13,3,28,51,6,0,34,116,135,179,0,7,0,1,0,buxtoby01
Miguel Cabrera,DET,AL,112,433,397,25,101,10,0,5,43,1,0,28,101,83,126,11,3,0,5,3,cabremi01
Oswaldo Cabrera#,NYY,AL,44,171,154,21,38,8,1,6,19,3,2,15,44,109,66,1,0,1,1,0,cabreos01
Lorenzo Cain,MIL,NL,43,156,145,17,26,5,0,1,9,2,2,8,36,34,34,4,2,0,1,0,cainlo01
Kole Calhoun*,TEX,AL,125,424,388,36,76,14,1,12,49,3,2,27,136,67,128,6,6,0,3,0,calhoko01
Willie Calhoun*,TOT,MLB,22,62,52,7,7,3,0,1,3,0,0,9,8,52,13,2,1,0,0,0,calhowi01
Willie Calhoun*,TEX,AL,18,53,44,7,6,3,0,1,2,0,0,8,6,61,12,1,1,0,0,0,calhowi01
Willie Calhoun*,SFG,NL,4,9,8,0,1,0,0,0,1,0,0,1,2,2,1,1,0,0,0,0,calhowi01
Alex Call,TOT,MLB,47,131,114,18,27,3,1,5,13,3,3,15,30,116,47,2,2,0,0,0,callal02
Alex Call,CLE,AL,12,16,12,2,2,0,0,0,0,0,0,4,4,65,2,0,0,0,0,0,callal02
Alex Call,WSN,NL,35,115,102,16,25,3,1,5,13,3,3,11,26,122,45,2,2,0,0,0,callal02
Johan Camargo#,PHI,NL,52,166,152,8,36,3,0,3,15,0,0,13,37,74,48,1,0,1,0,0,camarjo01
Daz Cameron,DET,AL,21,70,64,6,14,3,1,1,8,2,0,5,20,83,22,1,1,0,0,0,camerda01
Luis Campusano,SDP,NL,16,50,48,4,12,1,0,1,5,0,0,1,11,73,16,2,0,0,1,0,campulu01
Jeimer Candelario#,DET,AL,124,467,429,49,93,19,2,13,50,0,1,28,109,83,155,9,6,0,4,1,candeje01
Mark Canha,NYM,NL,140,542,462,71,123,24,0,13,61,3,1,48,97,122,186,3,28,0,4,1,canhama01
Robinson Canó*,TOT,NL,33,104,100,5,15,1,0,1,4,0,0,4,25,8,19,2,0,0,0,0,canoro01
Robinson Canó*,NYM,NL,12,43,41,3,8,0,0,1,3,0,0,2,11,44,11,0,0,0,0,0,canoro01
Robinson Canó*,SDP,NL,12,34,33,1,3,0,0,0,1,0,0,1,10,-37,3,0,0,0,0,0,canoro01
Robinson Canó*,ATL,NL,9,27,26,1,4,1,0,0,0,0,0,1,4,6,5,2,0,0,0,0,canoro01
Conner Capel*,TOT,MLB,22,59,52,7,16,0,1,3,11,1,1,5,10,151,27,2,0,0,2,0,capelco01
Conner Capel*,STL,NL,9,19,17,1,3,0,0,1,2,0,0,1,2,59,6,0,0,0,1,0,capelco01
Conner Capel*,OAK,AL,13,40,35,6,13,0,1,2,9,1,1,4,8,196,21,2,0,0,1,0,capelco01
Vinny Capra,TOR,AL,8,7,5,2,1,0,0,0,0,0,0,2,1,90,1,0,0,0,0,0,capravi01
Victor Caratini#,MIL,NL,95,314,272,26,54,12,0,9,34,0,0,31,67,83,93,11,9,1,1,1,caratvi01
Dylan Carlson#,STL,NL,128,488,432,56,102,30,4,8,42,5,2,45,94,100,164,6,7,0,4,1,carlsdy01
Kerry Carpenter*,DET,AL,31,113,103,16,26,4,1,6,10,0,0,6,32,128,50,0,3,0,1,0,carpeke01
Matt Carpenter*,NYY,AL,47,154,128,28,39,9,0,15,37,0,0,19,35,217,93,2,5,1,1,1,carpema01
Corbin Carroll*,ARI,NL,32,115,104,13,27,9,2,4,14,2,1,8,31,133,52,1,3,0,0,0,carroco02
Curt Casali,TOT,MLB,57,176,148,20,30,4,0,5,17,0,0,24,50,86,49,1,2,0,2,0,casalcu01
Curt Casali,SFG,NL,41,126,108,13,25,3,0,4,14,0,0,15,36,97,40,1,1,0,2,0,casalcu01
Curt Casali,SEA,AL,16,50,40,7,5,1,0,1,3,0,0,9,14,58,9,0,1,0,0,0,casalcu01
Triston Casas*,BOS,AL,27,95,76,11,15,1,0,5,12,1,0,19,23,113,31,4,0,0,0,0,casastr01
Nick Castellanos,PHI,NL,136,558,524,56,138,27,0,13,62,7,1,29,130,95,204,15,3,0,2,0,casteni01
Diego Castillo,SEA,AL,2,0,0,0,0,0,0,0,0,0,0,0,0,,0,0,0,0,0,0,castidi01
Diego Castillo,PIT,NL,96,283,262,28,54,13,0,11,29,1,1,14,75,76,100,7,3,0,4,1,castidi02
Harold Castro*,DET,AL,120,443,420,37,114,21,2,7,47,0,1,17,79,98,160,5,1,3,2,1,castrha01
Jason Castro*,HOU,AL,34,88,78,6,9,2,0,1,3,1,0,8,40,11,14,1,1,0,1,0,castrja01
Rodolfo Castro#,PIT,NL,71,278,253,25,59,8,4,11,27,5,3,22,74,102,108,6,2,0,1,0,castrro01
Willi Castro#,DET,AL,112,392,365,47,88,18,2,8,31,9,4,15,82,89,134,4,8,1,3,0,castrwi01
Jake Cave*,MIN,AL,54,177,164,17,35,7,3,5,20,2,0,11,49,84,63,2,0,0,2,0,caveja01
Gilberto Celestino,MIN,AL,122,347,311,30,74,12,1,2,24,4,1,32,77,80,94,13,2,2,0,0,celesgi01
Yu Chang,TOT,MLB,69,190,168,19,35,6,0,4,15,0,1,16,59,75,53,5,4,0,2,0,changyu01
Yu Chang,TOT,AL,51,141,126,14,28,5,0,3,13,0,0,12,41,81,42,4,1,0,2,0,changyu01
Yu Chang,CLE,AL,4,10,10,0,0,0,0,0,0,0,0,0,7,-100,0,0,0,0,0,0,changyu01
Yu Chang,PIT,NL,18,49,42,5,7,1,0,1,2,0,1,4,18,57,11,1,3,0,0,0,changyu01
Yu Chang,TBR,AL,36,105,96,11,25,3,0,3,12,0,0,7,27,101,37,3,0,0,2,0,changyu01
Yu Chang,BOS,AL,11,26,20,3,3,2,0,0,1,0,0,5,7,70,5,1,1,0,0,0,changyu01
Matt Chapman,TOR,AL,155,621,538,83,123,27,1,27,76,2,2,68,170,115,233,7,10,0,5,1,chapmma01
Michael Chavis,PIT,NL,129,426,401,39,92,16,3,14,49,1,1,19,126,82,156,4,2,0,4,1,chavimi01
Robinson Chirinos,BAL,AL,67,220,195,10,35,9,0,4,22,1,0,19,67,58,56,4,4,1,1,0,chiriro01
Jazz Chisholm Jr.*,MIA,NL,60,241,213,39,54,10,4,14,45,12,5,21,66,139,114,0,3,0,3,0,chishja01
Ji-Man Choi*,TBR,AL,113,419,356,36,83,22,0,11,52,0,0,58,123,114,138,3,2,0,3,3,choiji01
Taylor Clarke,KCR,AL,4,0,0,0,0,0,0,0,0,0,0,0,0,,0,0,0,0,0,0,clarkta01
Kody Clemens*,DET,AL,56,127,117,13,17,4,0,5,17,1,0,8,33,45,36,1,0,0,2,0,clemeko01
Ernie Clement,TOT,AL,69,179,163,19,30,4,0,0,6,0,1,11,26,33,34,3,2,2,1,0,clemeer01
Ernie Clement,CLE,AL,63,161,145,18,29,3,0,0,6,0,1,11,24,43,32,3,2,2,1,0,clemeer01
Ernie Clement,OAK,AL,6,18,18,1,1,1,0,0,0,0,0,0,2,-53,2,0,0,0,0,0,clemeer01
Dylan Coleman,KCR,AL,4,0,0,0,0,0,0,0,0,0,0,0,0,,0,0,0,0,0,0,colemdy01
Zack Collins*,TOT,MLB,36,108,97,9,15,4,0,4,11,0,0,9,41,56,31,0,1,0,1,0,colliza01
Zack Collins*,TOR,AL,26,79,72,7,14,4,0,4,10,0,0,6,31,92,30,0,1,0,0,0,colliza01
Zack Collins*,PIT,NL,10,29,25,2,1,0,0,0,1,0,0,3,10,-46,1,0,0,0,1,0,colliza01
Alex Colomé,COL,NL,1,0,0,0,0,0,0,0,0,0,0,0,0,,0,0,0,0,0,0,colomal01
Mark Contreras*,MIN,AL,28,61,58,9,7,1,0,3,6,1,0,1,21,24,17,2,1,0,1,0,contrma01
William Contreras,ATL,NL,97,376,334,51,93,14,1,20,45,2,0,39,104,138,169,5,1,0,2,1,contrwi02
Willson Contreras,CHC,NL,113,487,416,65,101,23,2,22,55,4,2,45,103,128,194,14,24,0,2,0,contrwi01
Garrett Cooper,MIA,NL,119,469,414,37,108,33,2,9,50,0,0,40,119,113,172,6,10,0,5,0,coopega03
Franchy Cordero*,BOS,AL,84,275,242,36,53,17,1,8,29,4,1,28,92,92,96,1,1,2,2,1,cordefr02
Carlos Correa,MIN,AL,136,590,522,70,152,24,1,22,64,0,1,61,121,140,244,18,3,0,4,2,correca01
Brandon Crawford*,SFG,NL,118,458,407,50,94,15,2,9,52,1,1,39,98,85,140,12,8,0,4,3,crawfbr01
J.P. Crawford*,SEA,AL,145,603,518,57,126,24,3,6,42,3,2,68,80,100,174,11,10,2,5,0,crawfjp01
C.J. Cron,COL,NL,150,632,575,79,148,28,3,29,102,0,0,43,164,107,269,16,8,0,5,6,croncj01
Jake Cronenworth*,SDP,NL,158,684,587,88,140,30,4,17,88,3,0,70,131,111,229,2,16,0,8,3,croneja01
Narciso Crook,CHC,NL,4,9,8,1,2,1,0,0,2,0,0,0,3,65,3,1,0,0,1,0,crookna01
Nelson Cruz,WSN,NL,124,507,448,50,105,16,0,10,64,4,0,49,119,90,151,16,4,0,3,1,cruzne02
Oneil Cruz*,PIT,NL,87,361,331,45,77,13,4,17,54,10,4,28,126,107,149,3,1,0,1,1,cruzon01
Charlie Culberson,TEX,AL,68,124,115,19,29,6,0,2,12,2,3,5,31,83,41,5,0,4,0,0,culbech01
Travis d'Arnaud,ATL,NL,107,426,396,61,106,25,1,18,60,0,0,19,90,119,187,12,11,0,0,0,darnatr01
Bobby Dalbec,BOS,AL,117,353,317,40,68,9,2,12,39,3,0,29,118,80,117,5,3,0,4,0,dalbebo01
Matt Davidson,TOT,MLB,13,37,34,3,5,0,0,2,3,0,1,3,13,54,11,0,0,0,0,0,davidma02
Matt Davidson,ARI,NL,5,13,10,1,1,0,0,1,1,0,0,3,3,100,4,0,0,0,0,0,davidma02
Matt Davidson,OAK,AL,8,24,24,2,4,0,0,1,2,0,1,0,10,31,7,0,0,0,0,0,davidma02
Brendon Davis,DET,AL,3,11,10,2,2,0,0,0,0,1,0,1,3,42,2,0,0,0,0,0,davisbr04
J.D. Davis,TOT,NL,115,365,318,46,79,16,1,12,35,1,1,39,122,115,133,13,6,0,2,1,davisjd01
J.D. Davis,NYM,NL,66,207,181,26,43,8,1,4,21,1,1,20,66,97,65,9,4,0,2,0,davisjd01
J.D. Davis,SFG,NL,49,158,137,20,36,8,0,8,14,0,0,19,56,140,68,4,2,0,0,1,davisjd01
Jaylin Davis,BOS,AL,12,27,24,4,8,1,0,0,2,0,0,3,11,120,9,0,0,0,0,0,davisja03
Jonathan Davis,MIL,NL,37,91,76,9,17,1,0,0,4,7,1,14,26,71,18,1,0,1,0,0,davisjo05
Ronnie Dawson*,CIN,NL,1,3,3,0,0,0,0,0,0,0,0,0,2,-100,0,0,0,0,0,0,dawsoro01
Yonathan Daza,COL,NL,113,408,372,56,112,21,2,2,34,0,3,26,58,97,143,12,4,1,5,0,dazayo01
Bryan De La Cruz,MIA,NL,115,355,329,38,83,20,0,13,43,4,0,19,90,103,142,8,2,0,4,0,delacbr01
Enyel De Los Santos,CLE,AL,1,0,0,0,0,0,0,0,0,0,0,0,0,,0,0,0,0,0,0,delosen01
Austin Dean,SFG,NL,3,9,8,1,3,0,0,0,0,0,0,1,0,136,3,0,0,0,0,0,deanau01
Paul DeJong,STL,NL,77,237,210,19,33,9,0,6,25,3,2,21,79,53,60,2,4,0,2,0,dejonpa01
Jason Delay,PIT,NL,57,167,155,17,33,6,0,1,11,0,2,9,50,53,42,4,2,1,0,0,delayja01
Ben DeLuzio,STL,NL,22,25,20,3,3,1,0,0,0,0,1,3,5,46,4,0,1,1,0,0,deluzbe01
Travis Demeritte,ATL,NL,26,96,89,9,19,2,0,3,6,0,0,6,32,66,30,2,0,0,1,0,demertr01
Rafael Devers*,BOS,AL,141,614,555,84,164,42,1,27,88,3,1,50,114,141,289,14,6,0,3,11,deverra01
Aledmys Díaz,HOU,AL,92,327,305,35,74,13,0,12,38,1,1,18,53,95,123,7,2,0,2,0,diazal02
Edwin Díaz,NYM,NL,2,0,0,0,0,0,0,0,0,0,0,0,0,,0,0,0,0,0,0,diazed04
Elias Díaz,COL,NL,105,381,351,29,80,18,2,9,51,0,1,25,82,73,129,8,2,0,3,0,diazel01
Jordan Diaz,OAK,AL,15,51,49,3,13,3,0,0,1,0,0,2,7,82,16,1,0,0,0,0,diazjo03
Lewin Díaz*,MIA,NL,58,174,160,12,27,4,0,5,11,1,0,11,54,44,46,3,1,0,2,0,diazle01
Yainer Diaz,HOU,AL,6,9,8,0,1,1,0,0,1,0,0,1,2,35,2,0,0,0,0,0,diazya02
Yandy Díaz,TBR,AL,137,558,473,71,140,33,0,9,57,3,3,78,60,143,200,10,6,0,1,2,diazya01
Yusniel Diaz,BAL,AL,1,1,1,0,0,0,0,0,0,0,0,0,1,-100,0,0,0,0,0,0,diazyu01
Alex Dickerson*,ATL,NL,13,36,33,3,4,0,0,1,2,0,0,3,9,14,7,3,0,0,0,0,dickeal01
Corey Dickerson*,STL,NL,96,297,281,28,75,17,1,6,36,0,0,12,48,100,112,4,2,0,2,1,dickeco01
Wilmer Difo#,ARI,NL,3,6,6,0,0,0,0,0,0,0,0,0,1,-100,0,0,0,0,0,0,difowi01
Brandon Dixon,SDP,NL,5,14,14,1,3,1,0,0,1,0,0,0,5,45,4,1,0,0,0,0,dixonbr01
Josh Donaldson,NYY,AL,132,546,478,59,106,28,0,15,62,2,2,54,148,94,179,13,8,0,6,1,donaljo02
Brendan Donovan*,STL,NL,126,468,391,64,110,21,1,5,45,2,3,60,70,126,148,8,14,1,2,1,donovbr01
Jeter Downs,BOS,AL,14,41,39,4,6,1,0,1,4,0,0,1,21,17,10,0,0,0,1,0,downsje01
Hunter Dozier,KCR,AL,128,500,462,51,109,26,4,12,41,4,3,34,125,91,179,14,3,0,1,0,doziehu01
Brandon Drury,TOT,NL,138,568,518,87,136,31,2,28,87,2,3,38,126,122,255,8,8,0,4,0,drurybr01
Brandon Drury,CIN,NL,92,385,350,62,96,22,2,20,59,2,2,29,84,128,182,6,4,0,2,0,drurybr01
Brandon Drury,SDP,NL,46,183,168,25,40,9,0,8,28,0,1,9,42,109,73,2,4,0,2,0,drurybr01
Mauricio Dubón,TOT,MLB,104,265,243,31,52,9,0,5,24,2,3,13,30,60,76,7,1,3,5,0,dubonma01
Mauricio Dubón,SFG,NL,21,49,46,10,11,1,0,2,8,0,0,1,4,76,18,0,0,0,2,0,dubonma01
Mauricio Dubón,HOU,AL,83,216,197,21,41,8,0,3,16,2,3,12,26,56,58,7,1,3,3,0,dubonma01
Tyler Duffey,MIN,AL,2,0,0,0,0,0,0,0,0,0,0,0,0,,0,0,0,0,0,0,duffety01
Matt Duffy,LAA,AL,77,247,228,14,57,8,0,2,16,0,0,17,50,77,71,6,2,0,0,0,duffyma01
Steven Duggar*,TOT,MLB,29,80,72,7,11,3,1,0,4,5,1,7,41,28,16,0,0,0,1,0,duggast01
Steven Duggar*,TOT,AL,17,41,36,5,4,0,1,0,0,1,1,5,25,13,6,0,0,0,0,0,duggast01
Steven Duggar*,SFG,NL,12,39,36,2,7,3,0,0,4,4,0,2,16,43,10,0,0,0,1,0,duggast01
Steven Duggar*,TEX,AL,8,19,17,2,3,0,0,0,0,1,1,2,12,30,3,0,0,0,0,0,duggast01
Steven Duggar*,LAA,AL,9,22,19,3,1,0,1,0,0,0,0,3,13,-2,3,0,0,0,0,0,duggast01
Joe Dunand,MIA,NL,3,11,10,2,3,1,0,1,1,0,0,0,3,193,7,0,1,0,0,0,dunanjo01
Ezequiel Duran,TEX,AL,58,220,208,25,49,10,1,5,25,4,1,12,54,83,76,3,0,0,0,0,duranez01
Jarren Duran*,BOS,AL,58,223,204,23,45,14,3,3,17,7,1,14,63,78,74,1,4,0,1,0,duranja01
Jhoan Duran,MIN,AL,3,0,0,0,0,0,0,0,0,0,0,0,0,,0,0,0,0,0,0,duranjh01
Adam Duvall,ATL,NL,86,315,287,39,61,16,1,12,36,0,2,21,101,87,115,2,5,0,2,0,duvalad01
Nate Eaton,KCR,AL,44,122,106,16,28,4,3,1,12,11,1,10,30,103,41,2,2,1,3,0,eatonna01
Tommy Edman#,STL,NL,153,630,577,95,153,31,4,13,57,32,3,46,111,108,231,10,5,1,1,2,edmanto01
Drew Ellis,TOT,MLB,7,17,16,2,3,1,0,0,1,0,0,1,7,40,4,0,0,0,0,0,ellisdr01
Drew Ellis,ARI,NL,6,14,13,2,2,1,0,0,1,0,0,1,6,27,3,0,0,0,0,0,ellisdr01
Drew Ellis,SEA,AL,1,3,3,0,1,0,0,0,0,0,0,0,1,97,1,0,0,0,0,0,ellisdr01
Jerar Encarnacion,MIA,NL,23,81,77,7,14,3,0,3,14,2,0,3,32,52,26,3,0,0,1,0,encarje01
Adam Engel,CHW,AL,119,260,245,32,55,13,1,2,17,12,4,11,76,64,76,2,4,0,0,1,engelad01
Alcides Escobar,WSN,NL,40,131,124,12,27,4,2,0,8,1,1,5,32,58,35,1,2,0,0,0,escobal02
Eduardo Escobar#,NYM,NL,136,542,495,58,119,26,4,20,69,0,2,40,129,106,213,4,1,0,6,3,escobed01
Santiago Espinal,TOR,AL,135,491,449,51,120,25,0,7,51,6,6,36,68,99,166,12,2,1,3,1,espinsa01
Carlos Estévez,COL,NL,1,0,0,0,0,0,0,0,0,0,0,0,0,,0,0,0,0,0,0,estevca01
Thairo Estrada,SFG,NL,140,541,488,71,127,22,2,14,62,21,6,33,89,103,195,10,14,1,5,0,estrath01
Stuart Fairchild,TOT,MLB,46,110,97,14,24,4,1,5,6,0,2,8,34,116,45,1,5,0,0,0,faircst01
Stuart Fairchild,TOT,NL,43,107,94,14,24,4,1,5,6,0,2,8,32,122,45,1,5,0,0,0,faircst01
Stuart Fairchild,SEA,AL,3,3,3,0,0,0,0,0,0,0,0,0,2,-100,0,0,0,0,0,0,faircst01
Stuart Fairchild,SFG,NL,5,8,8,1,0,0,0,0,0,0,0,0,3,-100,0,0,0,0,0,0,faircst01
Stuart Fairchild,CIN,NL,38,99,86,13,24,4,1,5,6,0,2,8,29,141,45,1,5,0,0,0,faircst01
Jeurys Familia,TOT,MLB,1,0,0,0,0,0,0,0,0,0,0,0,0,,0,0,0,0,0,0,familje01
Jeurys Familia,PHI,NL,1,0,0,0,0,0,0,0,0,0,0,0,0,,0,0,0,0,0,0,familje01
Kyle Farmer,CIN,NL,145,583,526,58,134,25,1,14,78,4,3,33,99,90,203,20,16,2,6,0,farmeky01
Mario Feliciano,MIL,NL,2,5,4,0,1,0,0,0,0,0,0,1,1,92,1,0,0,0,0,0,felicma01
Freddy Fermin,KCR,AL,3,7,7,1,0,0,0,0,0,0,1,0,3,-100,0,0,0,0,0,0,fermifr01
David Fletcher,LAA,AL,61,228,216,20,55,9,1,2,17,1,0,7,16,77,72,6,3,2,0,0,fletcda02
Wilmer Flores,SFG,NL,151,602,525,72,120,28,1,19,71,0,0,59,103,100,207,7,11,0,7,1,florewi01
Estevan Florial*,NYY,AL,17,35,31,4,3,0,0,0,1,2,0,3,13,-11,3,0,1,0,0,0,flories01
Dylan Floro*,MIA,NL,1,0,0,0,0,0,0,0,0,0,0,0,0,,0,0,0,0,0,0,florody01
Mike Ford*,TOT,MLB,50,149,131,9,27,5,0,3,10,0,0,17,40,77,41,1,1,0,0,0,fordmi01
Mike Ford*,TOT,AL,44,137,120,9,26,5,0,3,8,0,0,16,38,86,40,1,1,0,0,0,fordmi01
Mike Ford*,TOT,NL,6,12,11,0,1,0,0,0,2,0,0,1,2,-24,1,0,0,0,0,0,fordmi01
Mike Ford*,SFG,NL,1,4,4,0,1,0,0,0,2,0,0,0,0,42,1,0,0,0,0,0,fordmi01
Mike Ford*,SEA,AL,16,38,29,1,5,1,0,0,3,0,0,8,12,76,6,0,1,0,0,0,fordmi01
Mike Ford*,ATL,NL,5,8,7,0,0,0,0,0,0,0,0,1,2,-60,0,0,0,0,0,0,fordmi01
Mike Ford*,LAA,AL,28,99,91,8,21,4,0,3,5,0,0,8,26,88,34,1,0,0,0,0,fordmi01
Nick Fortes,MIA,NL,72,240,217,41,50,6,1,9,24,5,3,18,45,96,85,5,5,0,0,0,forteni01
Matt Foster,CHW,AL,1,0,0,0,0,0,0,0,0,0,0,0,0,,0,0,0,0,0,0,fostema01
Lucius Fox#,WSN,NL,10,28,25,2,2,0,0,0,2,1,0,1,9,-42,2,1,0,2,0,0,foxlu01
Jake Fraley*,CIN,NL,68,247,216,33,56,9,0,12,28,4,1,26,54,118,101,1,3,0,2,1,fraleja01
Ty France,SEA,AL,140,613,551,65,151,27,1,20,83,0,0,35,94,125,240,18,21,0,5,3,francty01
Maikel Franco,WSN,NL,103,388,371,31,85,15,0,9,39,1,0,12,75,72,127,18,2,0,3,0,francma02
Wander Franco#,TBR,AL,83,344,314,46,87,20,3,6,33,8,0,26,33,117,131,5,0,0,4,1,francwa01
Adam Frazier*,SEA,AL,156,602,541,61,129,22,4,3,42,11,6,46,73,80,168,15,5,4,6,1,fraziad01
Clint Frazier,CHC,NL,19,45,37,4,8,3,0,0,1,1,0,7,11,88,11,1,1,0,0,0,frazicl01
Freddie Freeman*,LAD,NL,159,708,612,117,199,47,2,21,100,13,3,84,102,152,313,6,5,0,7,12,freemfr01
Tyler Freeman,CLE,AL,24,86,77,9,19,3,0,0,3,1,0,4,11,76,22,2,4,0,1,0,freemty01
TJ Friedl*,CIN,NL,72,258,225,33,54,10,5,8,25,7,2,20,40,101,98,3,7,0,6,0,friedtj01
Michael Fulmer,TOT,AL,1,0,0,0,0,0,0,0,0,0,0,0,0,,0,0,0,0,0,0,fulmemi01
Michael Fulmer,MIN,AL,1,0,0,0,0,0,0,0,0,0,0,0,0,,0,0,0,0,0,0,fulmemi01
Cam Gallagher,KCR,AL,18,47,42,1,9,5,0,0,5,0,0,3,13,69,14,0,0,2,0,0,gallaca01
Joey Gallo*,TOT,MLB,126,410,350,48,56,8,2,19,47,3,0,56,163,79,125,0,3,0,1,0,gallojo01
Joey Gallo*,NYY,AL,82,273,233,32,37,4,1,12,24,2,0,40,106,77,79,0,0,0,0,0,gallojo01
Joey Gallo*,LAD,NL,44,137,117,16,19,4,1,7,23,1,0,16,57,83,46,0,3,0,1,0,gallojo01
Ben Gamel*,PIT,NL,115,423,371,42,86,20,2,9,46,5,1,48,98,96,137,5,3,0,1,2,gamelbe01
Adolis García,TEX,AL,156,657,605,88,151,34,5,27,101,25,6,40,183,113,276,9,6,0,6,2,garciad02
Aramis Garcia,CIN,NL,47,115,108,6,23,2,0,1,4,0,1,3,34,38,28,4,2,2,0,0,garciar01
Avisaíl García,MIA,NL,98,380,357,31,80,9,0,8,35,4,0,17,109,65,113,12,4,0,2,0,garciav01
Dermis Garcia,OAK,AL,39,125,116,13,24,6,0,5,20,0,0,8,55,88,45,1,1,0,0,0,garcide02
Leury Garcia#,CHW,AL,97,315,300,38,63,8,0,3,20,2,0,7,65,42,80,6,3,2,3,0,garcile02
Luis García*,WSN,NL,93,377,360,29,99,23,2,7,45,3,4,11,84,102,147,6,1,1,4,1,garcilu04
Maikel Garcia,KCR,AL,9,23,22,1,7,1,0,0,2,0,0,1,5,103,8,1,0,0,0,0,garcima01
Rico Garcia,BAL,AL,1,0,0,0,0,0,0,0,0,0,0,0,0,,0,0,0,0,0,0,garciri01
Kyle Garlick,MIN,AL,66,162,150,23,35,3,0,9,18,0,0,8,48,104,65,2,3,0,1,0,garliky01
Dustin Garneau,DET,AL,8,11,10,1,3,1,0,0,1,0,0,1,4,124,4,0,0,0,0,0,garnedu01
Stone Garrett,ARI,NL,27,84,76,13,21,8,0,4,10,3,1,3,27,136,41,1,1,0,1,0,garrest01
Mitch Garver,TEX,AL,54,215,188,23,39,7,0,10,24,1,1,23,53,99,76,3,2,0,2,0,garvemi01
Lucas Gilbreath*,COL,NL,1,0,0,0,0,0,0,0,0,0,0,0,0,,0,0,0,0,0,0,gilbrlu01
Andrés Giménez*,CLE,AL,146,557,491,66,146,26,3,17,69,20,3,34,112,141,229,9,25,4,3,4,gimenan01
Kevin Ginkel*,ARI,NL,1,0,0,0,0,0,0,0,0,0,0,0,0,,0,0,0,0,0,0,ginkeke01
Mychal Givens,TOT,NL,1,0,0,0,0,0,0,0,0,0,0,0,0,,0,0,0,0,0,0,givenmy01
Mychal Givens,NYM,NL,1,0,0,0,0,0,0,0,0,0,0,0,0,,0,0,0,0,0,0,givenmy01
José Godoy*,TOT,MLB,10,22,20,3,1,0,0,0,1,0,0,2,9,-44,1,0,0,0,0,0,godoyjo01
José Godoy*,MIN,AL,2,5,3,2,0,0,0,0,0,0,0,2,2,30,0,0,0,0,0,0,godoyjo01
José Godoy*,PIT,NL,8,17,17,1,1,0,0,0,1,0,0,0,7,-66,1,0,0,0,0,0,godoyjo01
Paul Goldschmidt,STL,NL,151,651,561,106,178,41,0,35,115,7,0,79,141,180,324,7,5,0,4,1,goldspa01
Yan Gomes,CHC,NL,86,293,277,23,65,12,0,8,31,2,0,8,47,75,101,15,3,1,4,0,gomesya01
Erik González,MIA,NL,16,41,37,4,7,1,0,0,3,1,0,4,12,40,8,1,0,0,0,0,gonzaer01
Luis González*,SFG,NL,98,350,311,31,79,17,2,4,36,10,2,30,75,93,112,5,4,0,5,1,gonzalu03
Marwin Gonzalez#,NYY,AL,85,207,184,20,34,7,0,6,18,3,0,14,54,64,59,8,4,3,2,0,gonzama01
Oscar Gonzalez,CLE,AL,91,382,362,39,107,27,0,11,43,1,2,15,75,125,167,6,3,0,2,2,gonzaos01
Romy Gonzalez,CHW,AL,32,109,105,15,25,4,1,2,11,0,1,2,39,71,37,3,1,0,1,0,gonzaro01
Niko Goodrum#,HOU,AL,15,45,43,2,5,2,0,0,1,1,0,2,23,-9,7,0,0,0,0,0,goodrni01
Nick Gordon*,MIN,AL,136,443,405,45,110,28,4,9,50,6,4,19,105,113,173,8,10,3,6,1,gordoni01
Terrance Gore,NYM,NL,10,8,7,1,1,0,0,0,0,3,0,0,3,-17,1,0,0,1,0,0,gorete01
Nolan Gorman*,STL,NL,89,313,283,44,64,13,0,14,35,1,0,28,103,106,119,2,2,0,0,0,gormano01
Phil Gosselin,TOT,MLB,34,77,74,6,11,0,1,0,2,0,0,2,24,2,13,1,1,0,0,0,gosseph01
Phil Gosselin,ATL,NL,12,24,23,4,6,0,0,0,0,0,0,1,6,57,6,0,0,0,0,0,gosseph01
Phil Gosselin,LAA,AL,22,53,51,2,5,0,1,0,2,0,0,1,18,-23,7,1,1,0,0,0,gosseph01
Yasmani Grandal#,CHW,AL,99,376,327,15,66,7,0,5,27,1,0,45,79,64,88,8,2,0,2,1,grandya01
Kendall Graveman,CHW,AL,1,0,0,0,0,0,0,0,0,0,0,0,0,,0,0,0,0,0,0,graveke01
Riley Greene*,DET,AL,93,418,376,46,95,18,4,5,42,1,4,36,120,99,136,8,3,0,3,0,greenri03
Didi Gregorius*,PHI,NL,63,232,214,17,45,9,4,1,19,1,0,13,36,60,65,0,3,0,2,0,gregodi01
Grayson Greiner,ARI,NL,2,8,6,0,1,0,0,0,0,0,0,2,3,63,1,0,0,0,0,0,greingr01
Randal Grichuk,COL,NL,140,538,506,60,131,21,3,19,73,4,0,24,127,92,215,12,6,0,2,0,grichra01
Justin Grimm,OAK,AL,1,0,0,0,0,0,0,0,0,0,0,0,0,,0,0,0,0,0,0,grimmju01
Trent Grisham*,SDP,NL,152,524,451,58,83,16,2,17,53,7,1,57,150,83,154,3,7,7,2,1,grishtr01
Vaughn Grissom,ATL,NL,41,156,141,24,41,6,0,5,18,5,2,11,34,121,62,0,3,0,1,1,grissva01
Jordan Groshans,MIA,NL,17,65,61,9,16,0,0,1,2,0,0,4,13,77,19,2,0,0,0,0,groshjo01
Robbie Grossman#,TOT,MLB,129,477,411,40,86,19,1,7,45,6,2,56,129,80,128,3,6,0,4,0,grossro01
Robbie Grossman#,DET,AL,83,320,273,24,56,13,1,2,23,3,1,38,90,76,77,2,6,0,3,0,grossro01
Robbie Grossman#,ATL,NL,46,157,138,16,30,6,0,5,22,3,1,18,39,89,51,1,0,0,1,0,grossro01
Vladimir Guerrero Jr.,TOR,AL,160,706,638,90,175,35,0,32,97,8,3,58,116,132,306,26,6,0,4,6,guerrvl02
Luis Guillorme*,NYM,NL,102,335,297,33,81,12,1,2,17,1,0,34,46,101,101,15,2,2,0,1,guilllu01
Lourdes Gurriel Jr.,TOR,AL,121,493,453,52,132,32,1,5,52,3,4,31,83,113,181,11,6,0,2,1,gurrilo01
Yuli Gurriel,HOU,AL,146,584,545,53,132,40,0,8,53,8,0,30,73,84,196,13,6,0,3,0,gourryu01
Dalton Guthrie,PHI,NL,14,28,21,3,7,0,0,1,5,1,0,6,7,179,10,0,1,0,0,0,guthrda01
Kelvin Gutiérrez,BAL,AL,12,33,28,2,4,1,0,0,3,1,0,4,8,25,5,1,0,0,0,0,gutieke01
Ronald Guzmán*,NYY,AL,3,6,6,0,0,0,0,0,0,0,0,0,5,-100,0,1,0,0,0,0,guzmaro01
Eric Haase,DET,AL,110,351,323,41,82,17,1,14,44,0,0,24,97,115,143,9,1,0,3,1,haaseer01
Jake Hager,ARI,NL,28,59,50,4,12,2,0,0,3,0,0,8,17,82,14,0,0,1,0,0,hagerja01
Sam Haggerty#,SEA,AL,83,201,176,29,45,9,1,5,23,13,1,18,53,116,71,4,4,1,2,3,haggesa01
Darick Hall*,PHI,NL,41,142,136,19,34,8,1,9,16,0,0,5,44,121,71,3,1,0,0,0,hallda02
Billy Hamilton,TOT,MLB,37,23,20,13,1,0,0,0,0,10,1,2,12,-43,1,0,0,1,0,0,hamilbi02
Billy Hamilton,MIA,NL,20,15,13,9,1,0,0,0,0,7,0,1,8,-35,1,0,0,1,0,0,hamilbi02
Billy Hamilton,MIN,AL,17,8,7,4,0,0,0,0,0,3,1,1,4,-59,0,0,0,0,0,0,hamilbi02
Caleb Hamilton,MIN,AL,22,23,18,5,1,0,0,1,1,0,0,4,14,31,4,0,0,1,0,0,hamilca01
Garrett Hampson,COL,NL,90,226,199,29,42,7,3,2,15,12,2,21,63,60,61,3,1,3,2,0,hampsga01
Mitch Haniger,SEA,AL,57,247,224,31,55,8,0,11,34,0,0,20,65,114,96,7,1,0,2,1,hanigmi01
Ian Happ#,CHC,NL,158,641,573,72,155,42,2,17,72,9,4,58,149,119,252,11,6,0,4,4,happia01
Bryce Harper*,PHI,NL,99,426,370,63,106,28,1,18,65,11,4,46,87,145,190,13,3,0,7,9,harpebr03
Michael Harris*,ATL,NL,114,441,414,75,123,27,3,19,64,20,2,21,107,135,213,7,5,1,0,0,harrimi04
Josh Harrison,CHW,AL,119,425,386,50,99,19,2,7,27,2,1,21,71,94,143,9,14,2,2,0,harrijo05
Monte Harrison,LAA,AL,9,14,11,5,2,0,0,1,3,1,0,2,8,129,5,1,1,0,0,0,harrimo01
Adam Haseley*,CHW,AL,14,25,21,4,5,0,0,0,2,0,0,3,7,66,5,0,0,1,0,0,haselad01
Ke'Bryan Hayes,PIT,NL,136,560,505,55,123,24,3,7,41,20,5,48,122,87,174,12,5,0,2,0,hayeske01
Austin Hays,BAL,AL,145,582,535,66,134,35,2,16,60,2,4,34,114,103,221,11,10,0,3,0,haysau01
Austin Hedges,CLE,AL,105,338,294,26,48,4,0,7,30,2,0,25,78,42,73,12,6,10,3,0,hedgeau01
Jonah Heim#,TEX,AL,127,450,406,51,92,20,1,16,48,2,0,41,87,98,162,10,1,0,2,0,heimjo01
Tyler Heineman#,TOT,MLB,62,174,157,16,34,8,0,0,9,1,0,8,17,56,42,3,5,4,0,0,heinety01
Tyler Heineman#,TOR,AL,10,16,15,2,4,2,0,0,1,0,0,0,4,88,6,1,0,1,0,0,heinety01
Tyler Heineman#,PIT,NL,52,158,142,14,30,6,0,0,8,1,0,8,13,52,36,2,5,3,0,0,heinety01
Gunnar Henderson*,BAL,AL,34,132,116,12,30,7,1,4,18,1,1,16,34,123,51,1,0,0,0,1,hendegu01
Liam Hendriks,CHW,AL,1,0,0,0,0,0,0,0,0,0,0,0,0,,0,0,0,0,0,0,hendrli01
Ryan Hendrix,CIN,NL,1,0,0,0,0,0,0,0,0,0,0,0,0,,0,0,0,0,0,0,hendrry01
Payton Henry,MIA,NL,15,35,28,2,4,0,0,0,4,0,0,5,8,37,4,0,2,0,0,0,henrypa01
David Hensley,HOU,AL,16,34,29,7,10,2,1,1,5,0,0,5,6,191,17,3,0,0,0,0,henslda01
Guillermo Heredia,ATL,NL,74,82,76,12,12,3,1,3,8,0,0,6,32,55,26,1,0,0,0,0,heredgu01
Michael Hermosillo,CHC,NL,31,73,61,7,7,2,0,0,4,1,0,7,27,17,9,0,4,1,0,0,hermomi01
Carlos Hernández,KCR,AL,1,0,0,0,0,0,0,0,0,0,0,0,0,,0,0,0,0,0,0,hernaca04
César Hernández#,WSN,NL,147,617,560,64,139,28,4,1,34,10,4,45,114,84,178,9,7,3,2,0,hernace02
Elier Hernandez,TEX,AL,14,35,33,4,6,2,0,0,3,0,0,1,15,27,8,1,0,0,1,0,hernael02
Enrique Hernández,BOS,AL,93,402,361,48,80,24,0,6,45,0,2,34,71,75,122,11,3,0,4,0,hernaen02
Teoscar Hernández,TOR,AL,131,535,499,71,133,35,1,25,77,6,3,34,152,127,245,18,2,0,0,0,hernate01
Yadiel Hernández*,WSN,NL,94,327,305,30,82,16,0,9,41,2,1,19,74,108,125,9,1,0,2,0,hernaya01
Yonny Hernandez#,ARI,NL,12,28,24,2,2,0,0,0,0,2,0,2,4,-29,2,0,0,2,0,0,hernayo02
Iván Herrera,STL,NL,11,22,18,0,2,0,0,0,1,0,0,2,8,-9,2,0,0,1,1,0,herreiv01
Jose Herrera#,ARI,NL,47,124,111,9,21,2,0,0,5,0,0,9,34,33,23,1,0,4,0,0,herrejo04
Odúbel Herrera*,PHI,NL,62,197,185,23,44,9,1,5,21,6,0,11,42,84,70,3,0,0,1,0,herreod01
Jason Heyward*,CHC,NL,48,151,137,15,28,5,1,1,10,1,0,11,32,58,38,3,3,0,0,0,heywaja01
Brewer Hicklen,KCR,AL,6,4,4,1,0,0,0,0,0,0,0,0,4,-100,0,0,0,0,0,0,hicklbr01
Aaron Hicks#,NYY,AL,130,453,384,54,83,9,2,8,40,10,3,62,109,86,120,10,4,1,2,3,hicksaa01
Kyle Higashioka,NYY,AL,83,248,229,27,52,7,0,10,31,0,1,12,52,84,89,5,1,2,4,0,higasky01
P.J. Higgins,CHC,NL,74,229,201,23,46,11,1,6,30,0,0,22,58,95,77,2,2,3,1,0,higgipj01
Derek Hill,DET,AL,31,92,83,8,19,2,0,1,3,3,0,5,28,64,24,0,0,3,1,0,hillde01
Sam Hilliard*,COL,NL,70,200,174,26,32,6,1,2,14,5,1,23,57,48,46,2,1,0,2,0,hillisa01
Keston Hiura,MIL,NL,80,266,234,34,53,8,1,14,32,5,2,23,111,115,105,3,8,0,1,0,hiurake01
Nico Hoerner,CHC,NL,135,517,481,60,135,22,5,10,55,20,2,28,57,107,197,11,6,0,2,4,hoernni01
Jeff Hoffman,CIN,NL,1,0,0,0,0,0,0,0,0,0,0,0,0,,0,0,0,0,0,0,hoffmje02
Rhys Hoskins,PHI,NL,156,672,589,81,145,33,2,30,79,2,1,72,169,122,272,12,6,0,4,0,hoskirh01
Eric Hosmer*,TOT,MLB,104,419,380,38,102,19,0,8,44,0,0,37,64,108,145,12,1,0,1,5,hosmeer01
Eric Hosmer*,SDP,NL,90,369,335,32,91,16,0,8,40,0,0,33,55,113,131,10,0,0,1,5,hosmeer01
Eric Hosmer*,BOS,AL,14,50,45,6,11,3,0,0,4,0,0,4,9,77,14,2,1,0,0,0,hosmeer01
Sam Huff,TEX,AL,44,132,121,9,29,4,0,4,10,1,0,11,42,93,45,1,0,0,0,1,huffsa01
Brandon Hughes#,CHC,NL,1,0,0,0,0,0,0,0,0,0,0,0,0,,0,0,0,0,0,0,hughebr01
Cooper Hummel#,ARI,NL,66,201,176,20,31,8,3,3,17,4,1,23,64,66,54,4,1,0,1,0,hummeco01
Tommy Hunter,NYM,NL,2,0,0,0,0,0,0,0,0,0,0,0,0,,0,0,0,0,0,0,hunteto02
Andy Ibáñez,TEX,AL,40,128,119,13,26,4,0,1,9,3,0,9,21,59,33,0,0,0,0,0,ibanean01
José Iglesias,COL,NL,118,467,439,48,128,30,0,3,47,2,3,17,56,90,167,11,8,0,3,0,iglesjo01
Ender Inciarte*,NYM,NL,11,8,8,1,1,0,0,0,0,0,0,0,0,-28,1,0,0,0,0,0,inciaen01
Jonathan India,CIN,NL,103,431,386,48,96,16,2,10,41,3,4,31,94,91,146,5,14,0,0,1,indiajo01
Kyle Isbel*,KCR,AL,106,278,256,32,54,10,4,5,28,9,6,16,75,70,87,5,3,1,2,0,isbelky01
Alex Jackson,MIL,NL,5,12,12,0,3,0,0,0,0,0,0,0,7,44,3,0,0,0,0,0,jacksal02
Drew Jackson,OAK,AL,3,3,3,0,0,0,0,0,0,0,0,0,1,-100,0,0,0,0,0,0,jacksdr01
Travis Jankowski*,TOT,MLB,44,64,55,11,9,0,0,0,2,3,0,8,10,33,9,0,1,0,0,0,jankotr01
Travis Jankowski*,NYM,NL,43,63,54,11,9,0,0,0,2,3,0,8,9,35,9,0,1,0,0,0,jankotr01
Travis Jankowski*,SEA,AL,1,1,1,0,0,0,0,0,0,0,0,0,1,-100,0,0,0,0,0,0,jankotr01
Danny Jansen,TOR,AL,72,248,215,34,56,10,0,15,44,1,0,25,44,141,111,1,3,0,5,1,janseda01
Ryan Jeffers,MIN,AL,67,236,212,25,44,10,1,7,27,0,0,23,62,86,77,6,0,1,0,0,jeffery01
Eloy Jiménez,CHW,AL,84,327,292,40,86,12,0,16,54,0,0,28,72,140,146,8,3,0,4,0,jimenel02
Connor Joe,COL,NL,111,467,404,56,96,20,4,7,28,6,2,55,97,88,145,8,7,0,1,0,joeco01
Bryce Johnson#,SFG,NL,11,19,18,1,2,0,0,0,2,0,0,1,7,-22,2,0,0,0,0,0,johnsbr03
Nolan Jones*,CLE,AL,28,94,86,10,21,5,0,2,13,0,0,8,31,96,32,2,0,0,0,1,jonesno01
Taylor Jones,HOU,AL,1,1,1,0,0,0,0,0,0,0,0,0,0,-100,0,0,0,0,0,0,jonesta01
Aaron Judge,NYY,AL,157,696,570,133,177,28,0,62,131,16,3,111,175,211,391,14,6,0,5,19,judgeaa01
Josh Jung,TEX,AL,26,102,98,9,20,4,1,5,14,2,0,4,39,83,41,2,0,0,0,0,jungjo01
James Kaprielian,OAK,AL,1,0,0,0,0,0,0,0,0,0,0,0,0,,0,0,0,0,0,0,kaprija01
Gosuke Katoh*,TOR,AL,8,11,7,2,1,1,0,0,0,0,0,3,1,102,2,0,0,1,0,0,katohgo01
Jarred Kelenic*,SEA,AL,54,181,163,20,23,5,1,7,17,5,2,16,61,55,51,3,1,0,1,0,kelenja01
Carson Kelly,ARI,NL,104,354,317,40,67,18,0,7,35,2,0,29,71,76,106,10,4,0,4,0,kellyca02
Tony Kemp*,OAK,AL,147,558,497,61,117,24,2,7,46,11,1,45,69,88,166,5,8,5,3,0,kempto01
Buddy Kennedy,ARI,NL,30,94,83,10,18,2,2,1,12,0,0,8,23,75,27,1,1,0,2,0,kennebu01
Ian Kennedy,ARI,NL,1,0,0,0,0,0,0,0,0,0,0,0,0,,0,0,0,0,0,0,kenneia01
Max Kepler*,MIN,AL,115,446,388,54,88,18,1,9,43,3,2,49,66,93,135,7,5,0,4,1,keplema01
Kevin Kiermaier*,TBR,AL,63,221,206,28,47,8,0,7,22,6,1,14,61,89,76,2,1,0,0,0,kiermke01
Ha-Seong Kim,SDP,NL,150,582,517,58,130,29,3,11,59,12,2,51,100,107,198,9,7,3,4,0,kimha01
Craig Kimbrel,LAD,NL,1,0,0,0,0,0,0,0,0,0,0,0,0,,0,0,0,0,0,0,kimbrcr01
Isiah Kiner-Falefa,NYY,AL,142,531,483,66,126,20,0,4,48,22,4,35,72,84,158,13,5,3,5,2,kineris01
Scott Kingery,PHI,NL,1,0,0,0,0,0,0,0,0,0,0,0,0,,0,0,0,0,0,0,kingesc01
Alex Kirilloff*,MIN,AL,45,156,144,14,36,7,0,3,21,0,0,5,36,88,52,5,4,0,2,0,kirilal01
Alejandro Kirk,TOR,AL,139,541,470,59,134,19,0,14,63,0,0,63,58,126,195,11,4,0,4,2,kirkal01
Andrew Knapp#,TOT,MLB,16,46,39,4,5,1,0,0,4,0,0,5,12,15,6,0,1,0,1,0,knappan01
Andrew Knapp#,TOT,NL,14,42,35,4,5,1,0,0,4,0,0,5,9,27,6,0,1,0,1,0,knappan01
Andrew Knapp#,PIT,NL,11,35,31,2,4,1,0,0,2,0,0,3,9,13,5,0,1,0,0,0,knappan01
Andrew Knapp#,SEA,AL,2,4,4,0,0,0,0,0,0,0,0,0,3,-100,0,0,0,0,0,0,knappan01
Andrew Knapp#,SFG,NL,3,7,4,2,1,0,0,0,2,0,0,2,0,99,1,0,0,0,1,0,knappan01
Andrew Knizner,STL,NL,96,293,260,28,56,10,0,4,25,0,1,26,62,75,78,9,6,1,0,0,kniznan01
Mark Kolozsvary,CIN,NL,10,21,20,3,4,2,0,1,3,0,0,1,9,81,9,1,0,0,0,0,kolozma01
Joey Krehbiel,BAL,AL,1,0,0,0,0,0,0,0,0,0,0,0,0,,0,0,0,0,0,0,krehbjo01
Ryan Kreidler,DET,AL,26,84,73,8,13,1,0,1,6,0,1,6,22,41,17,0,1,2,2,0,kreidry01
Jason Krizan*,SFG,NL,3,10,8,0,1,0,0,0,0,0,0,2,3,27,1,0,0,0,0,0,krizaja01
Joel Kuhnel,CIN,NL,1,0,0,0,0,0,0,0,0,0,0,0,0,,0,0,0,0,0,0,kuhnejo01
Steven Kwan*,CLE,AL,147,638,563,89,168,25,7,6,52,19,5,62,60,124,225,9,7,2,4,2,kwanst01
Tommy La Stella*,SFG,NL,60,195,180,17,43,14,0,2,14,0,0,11,30,78,63,4,1,0,3,0,lasteto01
Juan Lagares,LAA,AL,20,62,60,4,11,2,1,0,0,0,0,2,15,30,15,0,0,0,0,0,lagarju01
Jake Lamb*,TOT,MLB,41,111,97,13,21,6,1,3,6,0,1,11,38,98,38,4,3,0,0,0,lambja01
Jake Lamb*,LAD,NL,25,77,67,10,16,5,1,2,4,0,1,8,24,111,29,4,2,0,0,0,lambja01
Jake Lamb*,SEA,AL,16,34,30,3,5,1,0,1,2,0,0,3,14,66,9,0,1,0,0,0,lambja01
Jimmy Lambert,CHW,AL,1,0,0,0,0,0,0,0,0,0,0,0,0,,0,0,0,0,0,0,lambeji01
Shea Langeliers,OAK,AL,40,153,142,14,31,10,1,6,22,0,0,9,53,98,61,4,0,0,2,0,langesh01
Trevor Larnach*,MIN,AL,51,180,160,22,37,13,0,5,18,0,0,18,57,104,65,1,0,0,2,1,larnatr01
Jack Larsen*,SEA,AL,1,1,1,0,0,0,0,0,0,0,0,0,1,-100,0,0,0,0,0,0,larseja01
Ramón Laureano,OAK,AL,94,383,346,49,73,18,0,13,34,11,6,25,104,92,130,6,12,0,0,0,laurera01
Bryan Lavastida,CLE,AL,6,15,12,0,1,0,0,0,0,0,0,3,4,8,1,0,0,0,0,0,lavasbr01
Charles Leblanc,MIA,NL,48,169,156,18,41,10,0,4,11,4,2,12,53,104,63,0,1,0,0,0,leblach01
Khalil Lee*,NYM,NL,2,2,2,1,1,0,0,1,3,0,0,0,0,574,4,0,0,0,0,0,leekh01
Korey Lee,HOU,AL,12,26,25,1,4,2,0,0,4,0,0,1,9,23,6,1,0,0,0,0,leeko01
DJ LeMahieu,NYY,AL,125,541,467,74,122,18,0,12,46,4,3,67,71,111,176,12,4,1,2,0,lemahdj01
Sandy Leon#,TOT,AL,33,86,71,6,12,3,0,0,4,0,0,13,27,51,15,2,0,2,0,0,leonsa01
Sandy Leon#,CLE,AL,8,21,15,0,2,0,0,0,0,0,0,6,4,59,2,1,0,0,0,0,leonsa01
Sandy Leon#,MIN,AL,25,65,56,6,10,3,0,0,4,0,0,7,23,48,13,1,0,2,0,0,leonsa01
Josh Lester*,DET,AL,2,5,5,0,0,0,0,0,0,0,0,0,3,-100,0,0,0,0,0,0,lestejo02
Kyle Lewis,SEA,AL,18,62,56,6,8,0,0,3,5,0,0,5,19,54,17,2,1,0,0,0,lewisky01
Royce Lewis,MIN,AL,12,41,40,5,12,4,0,2,5,0,0,1,5,145,22,2,0,0,0,0,lewisro02
Luis Liberato*,SDP,NL,7,5,5,0,0,0,0,0,0,0,0,0,3,-100,0,0,0,0,0,0,liberlu01
Matthew Liberatore*,STL,NL,1,0,0,0,0,0,0,0,0,0,0,0,0,,0,0,0,0,0,0,liberma01
Francisco Lindor#,NYM,NL,161,706,630,98,170,25,5,26,107,16,6,59,133,125,283,11,10,0,7,2,lindofr01
Jonathan Loáisiga,NYY,AL,1,0,0,0,0,0,0,0,0,0,0,0,0,,0,0,0,0,0,0,loaisjo01
Tim Locastro,NYY,AL,38,46,43,13,8,1,0,2,4,8,2,2,7,66,15,0,1,0,0,0,locasti01
Evan Longoria,SFG,NL,89,298,266,31,65,13,0,14,42,0,0,27,83,114,120,6,2,0,3,2,longoev01
Christian Lopes,OAK,AL,4,10,9,0,0,0,0,0,0,0,0,1,5,-67,0,0,0,0,0,0,lopesch01
Alejo Lopez#,CIN,NL,59,156,145,15,38,5,1,1,10,3,1,9,21,76,48,1,2,0,0,1,lopezal03
Jorge López,TOT,AL,4,0,0,0,0,0,0,0,0,0,0,0,0,,0,0,0,0,0,0,lopezjo02
Jorge López,BAL,AL,2,0,0,0,0,0,0,0,0,0,0,0,0,,0,0,0,0,0,0,lopezjo02
Jorge López,MIN,AL,2,0,0,0,0,0,0,0,0,0,0,0,0,,0,0,0,0,0,0,lopezjo02
Nicky Lopez*,KCR,AL,141,480,436,51,99,12,4,0,20,13,3,29,63,58,119,8,4,10,1,0,lopezni01
Otto Lopez,TOR,AL,8,10,9,0,6,0,0,0,3,0,1,1,1,296,6,0,0,0,0,0,lopezot01
Reynaldo López,CHW,AL,1,0,0,0,0,0,0,0,0,0,0,0,0,,0,0,0,0,0,0,lopezre01
Brandon Lowe*,TBR,AL,65,266,235,31,52,10,2,8,25,1,0,27,61,102,90,1,3,0,1,0,lowebr01
Josh Lowe*,TBR,AL,52,198,181,24,40,12,2,2,13,3,0,15,66,83,62,1,1,1,0,1,lowejo01
Nathaniel Lowe*,TEX,AL,157,645,593,74,179,26,3,27,76,2,2,48,147,141,292,10,4,0,0,2,lowena01
Jed Lowrie#,OAK,AL,50,184,167,14,30,5,0,3,16,1,0,15,39,49,44,5,0,0,2,0,lowrije01
Seth Lugo,NYM,NL,1,0,0,0,0,0,0,0,0,0,0,0,0,,0,0,0,0,0,0,lugose01
Jordan Luplow,ARI,NL,83,234,205,26,36,5,0,11,28,5,1,25,60,79,74,5,3,0,1,1,luplojo01
Gavin Lux*,LAD,NL,129,471,421,66,116,20,7,6,42,7,2,47,95,105,168,3,0,0,3,0,luxga01
Daniel Lynch*,KCR,AL,1,0,0,0,0,0,0,0,0,0,0,0,0,,0,0,0,0,0,0,lynchda02
Dixon Machado,SFG,NL,5,17,15,1,3,0,0,0,0,0,0,1,5,44,3,0,1,0,0,0,machadi01
Manny Machado,SDP,NL,150,644,578,100,172,37,1,32,102,9,1,63,133,159,307,12,1,0,2,10,machama01
Vimael Machín*,OAK,AL,73,253,223,26,49,12,0,1,13,1,1,25,47,73,64,6,2,0,3,0,machivi01
David MacKinnon,TOT,AL,22,57,50,2,7,0,0,0,6,0,0,6,17,9,7,2,0,0,1,0,mackida01
David MacKinnon,LAA,AL,16,43,37,0,7,0,0,0,6,0,0,5,12,37,7,2,0,0,1,0,mackida01
David MacKinnon,OAK,AL,6,14,13,2,0,0,0,0,0,0,0,1,5,-77,0,0,0,0,0,0,mackida01
Nick Madrigal,CHC,NL,59,228,209,19,52,7,0,0,7,3,1,14,27,68,59,6,3,2,0,0,madrini01
Bligh Madris*,PIT,NL,39,123,113,10,20,7,0,1,7,2,1,10,31,44,30,0,0,0,0,0,madribl01
Luke Maile,CLE,AL,76,206,181,19,40,10,0,3,17,0,0,19,54,82,59,6,3,0,3,0,mailelu01
Martín Maldonado,HOU,AL,113,379,344,40,64,12,0,15,45,0,0,22,116,69,121,6,7,4,2,0,maldoma01
Trey Mancini,TOT,AL,143,587,519,56,124,23,1,18,63,0,0,53,135,101,203,12,10,0,5,2,mancitr01
Trey Mancini,BAL,AL,92,401,354,39,95,16,1,10,41,0,0,35,86,113,143,4,9,0,3,2,mancitr01
Trey Mancini,HOU,AL,51,186,165,17,29,7,0,8,22,0,0,18,49,75,60,8,1,0,2,0,mancitr01
Joe Mantiply,ARI,NL,1,0,0,0,0,0,0,0,0,0,0,0,0,,0,0,0,0,0,0,mantijo01
Tucupita Marcano*,PIT,NL,49,177,160,18,33,6,2,2,13,2,1,10,44,58,49,1,1,5,1,0,marcatu01
Manuel Margot,TBR,AL,89,363,336,36,92,18,2,4,47,7,3,24,68,105,126,7,2,0,1,1,margoma01
Jake Marisnick,PIT,NL,31,82,77,9,18,6,0,2,6,2,1,4,24,84,30,2,0,1,0,1,marisja01
Deven Marrero,NYM,NL,5,6,6,0,0,0,0,0,0,1,0,0,3,-100,0,0,0,0,0,0,marrede01
Brandon Marsh*,TOT,MLB,134,461,424,49,104,18,4,11,52,10,4,28,158,91,163,4,3,3,3,1,marshbr02
Brandon Marsh*,LAA,AL,93,323,292,34,66,9,2,8,37,8,2,22,117,80,103,2,3,3,3,1,marshbr02
Brandon Marsh*,PHI,NL,41,138,132,15,38,9,2,3,15,2,2,6,41,116,60,2,0,0,0,0,marshbr02
Ketel Marte#,ARI,NL,137,558,492,68,118,42,2,12,52,5,1,55,101,106,200,12,6,0,5,3,marteke01
Starling Marte,NYM,NL,118,505,466,76,136,24,5,16,63,18,9,26,97,132,218,18,13,0,0,0,martest01
Brett Martin*,TEX,AL,1,0,0,0,0,0,0,0,0,0,0,0,0,,0,0,0,0,0,0,martibr01
Chris Martin,TOT,NL,1,0,0,0,0,0,0,0,0,0,0,0,0,,0,0,0,0,0,0,martich02
Chris Martin,LAD,NL,1,0,0,0,0,0,0,0,0,0,0,0,0,,0,0,0,0,0,0,martich02
Richie Martin,BAL,AL,13,33,30,4,5,0,2,0,3,3,1,3,10,54,9,0,0,0,0,0,martiri01
J.D. Martinez,BOS,AL,139,596,533,76,146,43,1,16,62,0,0,52,145,117,239,20,5,0,5,1,martijd02
Michael Massey*,KCR,AL,52,194,173,16,42,9,1,4,17,3,0,9,46,93,65,1,8,2,2,0,massemi02
Miles Mastrobuoni*,TBR,AL,8,17,16,1,3,0,0,0,0,1,0,1,6,27,3,0,0,0,0,0,mastrmi01
Jorge Mateo,BAL,AL,150,533,494,63,109,25,7,13,50,35,9,27,147,81,187,8,5,3,2,0,mateojo01
Mark Mathias,TOT,MLB,30,91,81,13,20,3,0,6,20,3,0,9,30,132,41,0,0,0,1,0,mathima01
Mark Mathias,MIL,NL,6,17,16,2,2,0,0,1,4,1,0,0,4,17,5,0,0,0,1,0,mathima01
Mark Mathias,TEX,AL,24,74,65,11,18,3,0,5,16,2,0,9,26,159,36,0,0,0,0,0,mathima01
J.J. Matijevic*,HOU,AL,32,71,67,7,14,2,0,2,5,1,0,2,25,65,22,1,2,0,0,0,matijjj01
Nick Maton*,PHI,NL,34,85,72,13,18,2,1,5,17,0,0,10,29,138,37,0,1,0,2,0,matonni01
Jack Mayfield,LAA,AL,23,74,70,8,13,1,1,1,6,1,0,3,17,42,19,1,1,0,0,0,mayfija01
Nomar Mazara*,SDP,NL,55,171,159,16,42,8,0,2,18,0,0,10,40,96,56,3,2,0,0,0,mazarno01
Patrick Mazeika*,NYM,NL,24,72,68,4,13,4,0,1,6,0,0,2,9,45,20,0,0,2,0,0,mazeipa01
James McCann,NYM,NL,61,191,174,19,34,6,0,3,18,3,0,11,46,55,49,5,4,0,2,0,mccanja02
Jake McCarthy*,ARI,NL,99,354,321,53,91,16,3,8,43,23,3,23,76,118,137,3,6,3,1,0,mccarja02
Chas McCormick,HOU,AL,119,407,359,47,88,12,2,14,44,4,3,46,106,110,146,5,1,0,1,0,mccorch01
Andrew McCutchen,MIL,NL,134,580,515,66,122,25,0,17,69,8,6,57,124,99,198,10,4,0,4,1,mccutan01
Mickey McDonald#,OAK,AL,4,6,4,0,0,0,0,0,0,0,0,2,3,10,0,0,0,0,0,0,mcdonmi01
Reese McGuire*,TOT,AL,89,274,249,25,67,14,1,3,22,1,0,12,56,90,92,6,3,6,3,0,mcguire01
Reese McGuire*,CHW,AL,53,166,151,12,34,9,0,0,10,0,0,6,33,55,43,2,2,5,2,0,mcguire01
Reese McGuire*,BOS,AL,36,108,98,13,33,5,1,3,12,1,0,6,23,142,49,4,1,1,1,0,mcguire01
Ryan McKenna,BAL,AL,104,172,156,23,37,10,0,2,11,2,1,11,55,80,53,3,2,2,1,1,mckenry01
Billy McKinney*,OAK,AL,23,57,52,3,5,1,0,1,4,0,0,4,16,-3,9,0,0,0,1,1,mckinbi01
Zach McKinstry*,TOT,NL,57,185,166,21,33,6,3,5,14,7,0,16,52,78,60,0,1,2,0,0,mckinza01
Zach McKinstry*,LAD,NL,10,14,11,4,1,0,0,1,2,0,0,3,4,78,4,0,0,0,0,0,mckinza01
Zach McKinstry*,CHC,NL,47,171,155,17,32,6,3,4,12,7,0,13,48,78,56,0,1,2,0,0,mckinza01
Ryan McMahon*,COL,NL,153,597,529,67,130,23,3,20,67,7,3,60,158,98,219,7,5,0,3,0,mcmahry01
Jeff McNeil*,NYM,NL,148,589,533,73,174,39,1,9,62,4,0,40,61,140,242,6,11,0,5,1,mcneije01
Austin Meadows*,DET,AL,36,147,128,9,32,6,2,0,11,0,1,16,17,99,42,2,3,0,0,0,meadoau01
Adonis Medina,NYM,NL,2,0,0,0,0,0,0,0,0,0,0,0,0,,0,0,0,0,0,0,medinad01
Francisco Mejía#,TBR,AL,93,299,289,32,70,22,0,6,31,0,0,7,65,87,110,6,2,0,1,0,mejiafr01
Mark Melancon,ARI,NL,2,0,0,0,0,0,0,0,0,0,0,0,0,,0,0,0,0,0,0,melanma01
MJ Melendez*,KCR,AL,129,534,460,57,100,21,3,18,62,2,3,66,131,99,181,2,1,0,7,1,melenmj01
Danny Mendick,CHW,AL,31,106,97,22,28,4,1,3,15,1,0,7,23,121,43,2,1,1,0,0,mendida01
Joey Meneses,WSN,NL,56,240,222,33,72,14,0,13,34,1,0,15,52,165,125,13,1,0,2,2,menesjo01
Oscar Mercado,TOT,MLB,109,255,121,17,25,6,1,4,16,2,2,5,29,75,45,8,1,0,1,0,mercaos01
Oscar Mercado,TOT,AL,108,254,120,17,25,6,1,4,16,2,2,5,28,76,45,8,1,0,1,0,mercaos01
Oscar Mercado,CLE,AL,54,127,114,17,23,6,1,4,16,2,2,3,27,71,43,4,1,0,1,0,mercaos01
Oscar Mercado,PHI,NL,1,1,1,0,0,0,0,0,0,0,0,0,1,-100,0,0,0,0,0,0,mercaos01
Oscar Mercado,CLE,AL,54,127,6,0,2,0,0,0,0,0,0,2,1,149,2,4,0,0,0,0,mercaos01
Yermín Mercedes,SFG,NL,31,83,73,9,17,5,0,1,8,0,0,9,17,90,25,1,1,0,0,0,merceye01
Whit Merrifield,TOT,AL,139,550,504,70,126,28,1,11,58,16,5,38,85,90,189,11,0,0,8,0,merriwh01
Whit Merrifield,KCR,AL,95,420,383,51,92,23,1,6,42,15,3,30,61,82,135,8,0,0,7,0,merriwh01
Whit Merrifield,TOR,AL,44,130,121,19,34,5,0,5,16,1,2,8,24,118,54,3,0,0,1,0,merriwh01
Jake Meyers,HOU,AL,52,160,150,13,34,6,2,1,15,2,1,7,54,66,47,1,2,0,1,0,meyerja02
Keynan Middleton,ARI,NL,1,0,0,0,0,0,0,0,0,0,0,0,0,,0,0,0,0,0,0,middlke01
Brad Miller*,TEX,AL,81,241,222,20,47,3,0,7,32,4,2,18,70,69,71,3,0,0,1,0,millebr02
Owen Miller,CLE,AL,130,472,424,53,103,26,1,6,51,2,0,32,93,89,149,8,7,0,9,1,milleow01
Alec Mills,CHC,NL,1,0,0,0,0,0,0,0,0,0,0,0,0,,0,0,0,0,0,0,millsal02
Wyatt Mills,TOT,AL,1,0,0,0,0,0,0,0,0,0,0,0,0,,0,0,0,0,0,0,millswy01
Wyatt Mills,SEA,AL,1,0,0,0,0,0,0,0,0,0,0,0,0,,0,0,0,0,0,0,millswy01
Jose Miranda,MIN,AL,125,483,444,45,119,25,0,15,66,1,1,28,91,116,189,19,10,0,1,0,miranjo01
Calvin Mitchell*,PIT,NL,69,232,212,21,48,11,0,5,17,3,1,18,52,79,74,3,0,1,1,0,mitchca01
Garrett Mitchell*,MIL,NL,28,68,61,9,19,3,0,2,9,8,0,6,28,136,28,0,0,1,0,0,mitchga01
Yadier Molina,STL,NL,78,270,262,19,56,8,0,5,24,2,0,5,40,53,79,10,2,0,1,0,molinya01
Yoán Moncada#,CHW,AL,104,433,397,41,84,18,1,12,51,2,0,32,114,76,140,5,2,1,1,2,moncayo01
Adalberto Mondesí#,KCR,AL,15,54,50,3,7,0,0,0,3,5,0,4,20,0,7,2,0,0,0,0,mondera02
Nate Mondou*,OAK,AL,1,3,2,0,0,0,0,0,0,0,0,1,1,10,0,0,0,0,0,0,mondona01
Mickey Moniak*,TOT,MLB,37,112,106,13,18,3,1,3,8,1,0,4,44,42,32,0,1,1,0,0,moniami01
Mickey Moniak*,PHI,NL,18,50,46,4,6,1,0,0,2,0,0,3,19,-3,7,0,0,1,0,0,moniami01
Mickey Moniak*,LAA,AL,19,62,60,9,12,2,1,3,6,1,0,1,25,78,25,0,1,0,0,0,moniami01
Elehuris Montero,COL,NL,53,185,176,21,41,15,1,6,20,0,0,8,60,85,76,4,1,0,0,0,monteel01
Dylan Moore,SEA,AL,104,255,205,41,46,11,2,6,24,21,8,34,75,122,79,5,13,1,1,2,mooredy01
Colin Moran*,CIN,NL,42,128,109,11,23,3,0,5,23,0,0,16,30,84,41,4,0,0,3,0,moranco01
Christopher Morel,CHC,NL,113,425,379,55,89,19,4,16,47,10,7,38,137,107,164,6,3,3,2,0,morelch01
Gabriel Moreno,TOR,AL,25,73,69,10,22,1,0,1,7,0,0,4,8,111,26,2,0,0,0,0,morenga01
Dauri Moreta,CIN,NL,1,0,0,0,0,0,0,0,0,0,0,0,0,,0,0,0,0,0,0,moretda01
Reyes Moronta,TOT,NL,1,0,0,0,0,0,0,0,0,0,0,0,0,,0,0,0,0,0,0,moronre01
Reyes Moronta,ARI,NL,1,0,0,0,0,0,0,0,0,0,0,0,0,,0,0,0,0,0,0,moronre01
Taylor Motter,CIN,NL,2,6,6,0,1,0,0,0,0,0,0,0,3,-9,1,0,0,0,0,0,motteta01
Ryan Mountcastle,BAL,AL,145,609,555,62,139,28,1,22,85,4,1,43,154,105,235,12,4,0,7,1,mountry01
Mike Moustakas*,CIN,NL,78,285,252,30,54,12,0,7,25,2,0,24,75,74,87,8,6,0,3,0,moustmi01
Cedric Mullins*,BAL,AL,156,672,608,89,157,32,4,16,64,34,10,47,126,104,245,4,9,1,5,2,mullice01
Max Muncy*,LAD,NL,136,565,464,69,91,22,1,21,69,2,0,90,141,96,178,2,5,0,6,1,muncyma01
Yairo Munoz,PHI,NL,29,60,57,7,12,2,0,3,7,1,0,3,10,81,23,0,0,0,0,0,munozya01
Penn Murfee,SEA,AL,1,0,0,0,0,0,0,0,0,0,0,0,0,,0,0,0,0,0,0,murfepe01
Sean Murphy,OAK,AL,148,612,537,67,134,37,2,18,66,1,0,56,124,120,229,14,13,0,5,2,murphse01
Tom Murphy,SEA,AL,14,42,33,9,10,2,0,1,1,0,0,8,13,164,15,1,0,0,0,0,murphto04
Símon Muzziotti*,PHI,NL,9,9,7,0,1,0,0,0,0,0,0,0,2,16,1,0,1,1,0,0,muzzisi01
Wil Myers,SDP,NL,77,286,261,29,68,15,0,7,41,2,1,21,86,108,104,7,1,0,3,1,myerswi01
Tyler Naquin*,TOT,NL,105,334,310,47,71,19,4,11,46,4,2,19,93,93,131,3,4,1,0,2,naquity01
Tyler Naquin*,CIN,NL,56,204,187,29,46,12,2,7,33,3,2,13,53,101,83,1,3,1,0,2,naquity01
Tyler Naquin*,NYM,NL,49,130,123,18,25,7,2,4,13,1,0,6,40,80,48,2,1,0,0,0,naquity01
Andrew Nardi*,MIA,NL,1,0,0,0,0,0,0,0,0,0,0,0,0,,0,0,0,0,0,0,nardian01
Omar Narváez*,MIL,NL,84,296,262,21,54,12,1,4,23,0,0,29,57,71,80,4,3,1,1,1,narvaom01
Bo Naylor*,CLE,AL,5,8,8,0,0,0,0,0,0,0,0,0,5,-100,0,0,0,0,0,0,naylobo01
Josh Naylor*,CLE,AL,122,498,449,47,115,28,0,20,79,6,1,38,80,121,203,13,6,0,5,4,naylojo01
Kyle Nelson*,ARI,NL,2,0,0,0,0,0,0,0,0,0,0,0,0,,0,0,0,0,0,0,nelsoky01
Sheldon Neuse,OAK,AL,89,293,271,25,58,4,2,4,26,6,1,20,80,65,78,5,2,0,0,0,neusesh01
Tyler Nevin,BAL,AL,58,184,157,17,31,4,0,2,16,0,0,20,46,62,41,4,4,0,3,0,nevinty01
Kevin Newman,PIT,NL,78,309,288,31,79,18,2,2,24,8,2,16,48,94,107,6,2,2,1,0,newmake01
Tomás Nido,NYM,NL,98,313,284,31,68,15,0,3,28,0,0,14,76,72,92,14,1,12,2,0,nidoto01
Brandon Nimmo*,NYM,NL,151,673,580,102,159,30,7,16,64,3,2,71,116,130,251,9,16,3,3,0,nimmobr01
Austin Nola,SDP,NL,110,397,347,40,87,15,0,4,40,2,1,34,60,91,114,5,6,1,9,1,nolaau01
Lars Nootbaar*,STL,NL,108,347,290,53,66,16,3,14,40,4,1,51,71,126,130,3,1,0,5,1,nootbla01
Daniel Norris*,TOT,MLB,1,0,0,0,0,0,0,0,0,0,0,0,0,,0,0,0,0,0,0,norrida01
Daniel Norris*,CHC,NL,1,0,0,0,0,0,0,0,0,0,0,0,0,,0,0,0,0,0,0,norrida01
Dom Nuñez*,COL,NL,14,41,33,3,4,1,0,0,2,0,0,6,10,10,5,0,0,0,2,0,nunezdo01
Ryan O'Hearn*,KCR,AL,67,145,134,14,32,6,1,1,16,0,0,8,35,73,43,2,2,0,1,0,ohearry01
Logan O'Hoppe,LAA,AL,5,16,14,1,4,0,0,0,2,0,0,2,3,93,4,0,0,0,0,0,ohopplo01
Brian O'Keefe,SEA,AL,2,4,3,0,1,0,0,0,0,0,0,1,2,152,1,0,0,0,0,0,okeefbr01
Tyler O'Neill,STL,NL,96,383,334,56,76,11,1,14,58,14,4,38,103,101,131,9,4,0,7,0,oneilty01
Rougned Odor*,BAL,AL,135,472,426,49,88,19,3,13,53,6,1,32,109,79,152,9,10,0,4,1,odorro01
Shohei Ohtani*,LAA,AL,157,666,586,90,160,30,6,34,95,11,9,72,161,145,304,6,5,0,3,14,ohtansh01
Steven Okert*,MIA,NL,1,0,0,0,0,0,0,0,0,0,0,0,0,,0,0,0,0,0,0,okertst01
Chris Okey,CIN,NL,7,13,12,3,2,0,0,0,0,0,0,0,5,11,2,0,1,0,0,0,okeych01
Edward Olivares,KCR,AL,53,174,161,24,46,8,0,4,15,2,3,10,36,110,66,1,2,0,1,0,olivaed02
Matt Olson*,ATL,NL,162,699,616,86,148,44,0,34,103,0,0,75,170,122,294,13,4,0,4,6,olsonma02
Rafael Ortega*,CHC,NL,118,371,316,35,76,14,1,7,35,12,7,44,74,95,113,10,2,1,7,2,ortegra01
James Outman*,LAD,NL,4,16,13,6,6,2,0,1,3,0,0,2,7,282,11,0,1,0,0,0,outmaja01
Chris Owings,BAL,AL,26,68,56,6,6,2,0,0,0,1,0,10,24,17,8,3,1,1,0,0,owingch01
Marcell Ozuna,ATL,NL,124,507,470,56,106,19,0,23,56,2,1,31,122,89,194,12,2,0,4,0,ozunama01
Cristian Pache,OAK,AL,91,260,241,18,40,5,2,3,18,2,2,15,70,34,58,5,1,3,0,0,pachecr01
Kevin Padlo,TOT,MLB,13,34,33,0,4,1,0,0,3,0,0,1,10,-14,5,2,0,0,0,0,padloke01
Kevin Padlo,TOT,NL,7,23,23,0,2,0,0,0,0,0,0,0,5,-50,2,2,0,0,0,0,padloke01
Kevin Padlo,SFG,NL,4,12,12,0,2,0,0,0,0,0,0,0,4,-5,2,1,0,0,0,0,padloke01
Kevin Padlo,SEA,AL,6,11,10,0,2,1,0,0,3,0,0,1,5,68,3,0,0,0,0,0,padloke01
Kevin Padlo,PIT,NL,3,11,11,0,0,0,0,0,0,0,0,0,1,-100,0,1,0,0,0,0,padloke01
Jermaine Palacios,MIN,AL,30,77,70,8,10,0,0,2,6,0,0,4,27,19,16,2,0,1,2,0,palacje01
Josh Palacios*,WSN,NL,29,49,47,8,10,2,0,0,2,1,0,1,15,46,12,0,1,0,0,0,palacjo01
Richie Palacios*,CLE,AL,54,123,112,7,26,6,0,0,10,2,0,9,20,69,32,2,1,0,1,1,palacri01
Michael Papierski#,TOT,NL,39,103,91,7,13,1,0,1,4,0,0,10,26,15,17,4,0,2,0,0,papiemi01
Michael Papierski#,SFG,NL,5,10,9,1,0,0,0,0,0,0,0,1,4,-68,0,0,0,0,0,0,papiemi01
Michael Papierski#,CIN,NL,34,93,82,6,13,1,0,1,4,0,0,9,22,24,17,4,0,2,0,0,papiemi01
Isaac Paredes,TBR,AL,111,381,331,48,68,16,0,20,45,0,1,44,67,114,144,12,4,0,2,0,paredis01
Hoy Park*,PIT,NL,23,60,51,7,11,2,0,2,6,1,0,4,15,82,19,0,1,2,2,0,parkho01
Vinnie Pasquantino*,KCR,AL,72,298,258,25,76,10,0,10,26,1,0,35,34,135,116,5,3,0,2,1,pasquvi01
Joel Payamps,TOT,AL,2,0,0,0,0,0,0,0,0,0,0,0,0,,0,0,0,0,0,0,payamjo01
Joel Payamps,KCR,AL,1,0,0,0,0,0,0,0,0,0,0,0,0,,0,0,0,0,0,0,payamjo01
Joel Payamps,OAK,AL,1,0,0,0,0,0,0,0,0,0,0,0,0,,0,0,0,0,0,0,payamjo01
Mark Payton*,CHW,AL,8,25,21,3,3,0,0,0,1,0,0,4,4,25,3,0,0,0,0,0,paytoma01
Joc Pederson*,SFG,NL,134,433,380,57,104,19,3,23,70,3,2,42,100,144,198,5,7,0,4,3,pederjo01
Liover Peguero,PIT,NL,1,4,3,0,1,0,0,0,0,0,0,1,2,143,1,0,0,0,0,0,pegueli01
Jeremy Peña,HOU,AL,136,558,521,72,132,20,2,22,63,11,2,22,135,101,222,5,6,1,5,0,penaje02
David Peralta*,TOT,MLB,134,490,439,39,110,30,3,12,59,1,3,41,114,109,182,8,4,0,6,5,peralda01
David Peralta*,ARI,NL,87,310,278,29,69,19,2,12,41,1,2,27,74,118,128,6,2,0,3,4,peralda01
David Peralta*,TBR,AL,47,180,161,10,41,11,1,0,18,0,1,14,40,92,54,2,2,0,3,1,peralda01
Oswald Peraza,NYY,AL,18,57,49,8,15,3,0,1,2,2,0,6,9,139,21,3,2,0,0,0,perazos02
Geraldo Perdomo#,ARI,NL,148,500,431,58,84,10,2,5,40,9,2,50,103,58,113,3,5,12,2,0,perdoge01
Carlos Pérez,CHW,AL,7,18,18,0,4,2,0,0,2,0,0,0,2,55,6,1,0,0,0,0,perezca03
Cionel Pérez,BAL,AL,2,0,0,0,0,0,0,0,0,0,0,0,0,,0,0,0,0,0,0,perezci01
Joe Perez,HOU,AL,1,1,1,0,0,0,0,0,0,0,0,0,1,-100,0,0,0,0,0,0,perezjo02
Michael Perez*,TOT,NL,45,132,121,10,18,0,0,6,14,1,0,10,32,43,36,2,0,1,0,0,perezmi03
Michael Perez*,PIT,NL,39,116,107,8,16,0,0,6,11,1,0,8,26,46,34,2,0,1,0,0,perezmi03
Michael Perez*,NYM,NL,6,16,14,2,2,0,0,0,3,0,0,2,6,18,2,0,0,0,0,0,perezmi03
Roberto Perez,PIT,NL,21,69,60,8,14,2,0,2,8,0,0,9,25,98,22,1,0,0,0,0,perezro02
Salvador Perez,KCR,AL,114,473,445,48,113,23,1,23,76,0,0,18,109,110,207,9,7,0,3,2,perezsa02
Jace Peterson*,MIL,NL,112,328,288,44,68,14,2,8,34,12,1,33,85,98,110,8,2,2,3,2,peterja01
Tommy Pham,TOT,MLB,144,622,554,89,131,23,1,17,63,8,3,56,167,87,207,20,7,0,5,0,phamth01
Tommy Pham,CIN,NL,91,387,340,57,81,11,1,11,39,7,2,42,100,88,127,13,1,0,4,0,phamth01
Tommy Pham,BOS,AL,53,235,214,32,50,12,0,6,24,1,1,14,67,86,80,7,6,0,1,0,phamth01
Brett Phillips*,TOT,AL,83,225,201,22,29,6,0,5,15,7,0,16,94,36,50,0,3,4,1,0,phillbr02
Brett Phillips*,TBR,AL,75,208,184,21,27,4,0,5,14,7,0,16,85,40,46,0,3,4,1,0,phillbr02
Brett Phillips*,BAL,AL,8,17,17,1,2,2,0,0,1,0,0,0,9,-3,4,0,0,0,0,0,phillbr02
Evan Phillips,LAD,NL,1,1,0,0,0,0,0,0,0,0,0,1,0,,0,0,0,0,0,0,phillev01
Kevin Pillar,LAD,NL,4,13,12,1,1,1,0,0,0,0,0,1,4,-11,2,1,0,0,0,0,pillake01
Manny Piña,ATL,NL,5,17,14,1,2,0,0,0,2,0,0,1,1,10,2,0,1,0,1,0,pinama01
Chad Pinder,OAK,AL,111,379,361,38,85,18,0,12,42,2,0,14,118,86,139,10,0,1,2,0,pindech01
Israel Pineda,WSN,NL,4,14,13,1,1,0,0,0,0,0,0,1,7,-33,1,0,0,0,0,0,pinedis01
René Pinto,TBR,AL,25,83,80,5,17,3,0,2,10,0,0,2,35,64,26,3,1,0,0,0,pintore02
Stephen Piscotty,OAK,AL,42,139,126,12,24,4,0,5,14,2,0,9,48,71,43,2,2,0,2,1,piscost01
Kevin Plawecki,TOT,AL,63,186,168,15,37,8,0,1,13,0,0,14,32,61,48,6,2,1,1,0,plaweke01
Kevin Plawecki,BOS,AL,60,175,157,15,34,8,0,1,12,0,0,14,28,61,45,5,2,1,1,0,plaweke01
Kevin Plawecki,TEX,AL,3,11,11,0,3,0,0,0,1,0,0,0,4,58,3,1,0,0,0,0,plaweke01
Nick Plummer*,NYM,NL,14,31,29,4,4,1,0,2,6,0,0,1,12,60,11,1,1,0,0,0,plummni01
Jorge Polanco#,MIN,AL,104,445,375,54,88,16,0,16,56,3,3,64,95,117,152,4,2,0,4,1,polanjo01
AJ Pollock,CHW,AL,138,527,489,61,120,26,1,14,56,3,1,32,98,91,190,13,2,0,4,0,polloaj01
Zach Pop,TOT,MLB,1,0,0,0,0,0,0,0,0,0,0,0,0,,0,0,0,0,0,0,popza01
Zach Pop,MIA,NL,1,0,0,0,0,0,0,0,0,0,0,0,0,,0,0,0,0,0,0,popza01
Sean Poppen,ARI,NL,2,0,0,0,0,0,0,0,0,0,0,0,0,,0,0,0,0,0,0,poppese01
Nick Pratto*,KCR,AL,49,182,158,18,29,9,1,7,20,0,0,19,66,84,61,6,1,1,3,0,prattni01
David Price*,LAD,NL,1,0,0,0,0,0,0,0,0,0,0,0,0,,0,0,0,0,0,0,priceda01
Ford Proctor*,SFG,NL,7,22,18,3,2,0,0,1,6,0,0,2,3,28,5,0,0,0,2,0,proctfo01
Jurickson Profar#,SDP,NL,152,658,575,82,140,36,2,15,58,5,1,73,103,111,225,12,4,3,3,0,profaju01
Albert Pujols,STL,NL,109,351,307,42,83,14,0,24,68,1,2,28,55,154,169,13,10,0,6,1,pujolal01
Roman Quinn#,TOT,MLB,44,87,79,15,17,3,2,0,7,4,3,7,36,71,24,0,1,0,0,0,quinnro01
Roman Quinn#,PHI,NL,23,40,37,8,6,1,0,0,3,4,1,3,15,19,7,0,0,0,0,0,quinnro01
Roman Quinn#,TBR,AL,21,47,42,7,11,2,2,0,4,0,2,4,21,118,17,0,1,0,0,0,quinnro01
Esteban Quiroz*,CHC,NL,14,47,40,3,11,0,0,0,3,1,1,4,9,87,11,0,2,1,0,0,quiroes01
Cal Raleigh#,SEA,AL,119,415,370,46,78,20,1,27,63,1,0,38,122,122,181,5,2,0,5,0,raleica01
Luke Raley*,TBR,AL,22,72,61,7,12,2,0,1,4,0,0,7,24,74,17,1,3,0,1,0,raleylu01
Harold Ramírez,TBR,AL,120,435,403,46,121,24,0,6,58,3,5,19,72,119,163,5,9,0,4,1,ramirha02
José Ramírez#,CLE,AL,157,685,601,90,168,44,5,29,126,20,7,69,82,148,309,5,6,0,9,20,ramirjo01
Noé Ramirez,ARI,NL,1,0,0,0,0,0,0,0,0,0,0,0,0,,0,0,0,0,0,0,ramirno01
Heliot Ramos,SFG,NL,9,22,20,4,2,0,0,0,0,0,0,2,6,-17,2,1,0,0,0,0,ramoshe02
J.T. Realmuto,PHI,NL,139,562,504,75,139,26,5,22,84,21,1,41,119,129,241,7,12,0,5,1,realmjt01
Jake Reed,TOT,MLB,2,0,0,0,0,0,0,0,0,0,0,0,0,,0,0,0,0,0,0,reedja02
Jake Reed,TOT,NL,1,0,0,0,0,0,0,0,0,0,0,0,0,,0,0,0,0,0,0,reedja02
Jake Reed,LAD,NL,1,0,0,0,0,0,0,0,0,0,0,0,0,,0,0,0,0,0,0,reedja02
Jake Reed,BAL,AL,1,0,0,0,0,0,0,0,0,0,0,0,0,,0,0,0,0,0,0,reedja02
Rob Refsnyder,BOS,AL,57,177,153,25,47,11,0,6,21,1,1,15,46,143,76,1,6,0,3,0,refsnro01
Zach Reks*,TEX,AL,16,34,34,3,9,1,0,0,3,0,1,0,10,61,10,0,0,0,0,0,reksza01
Anthony Rendon,LAA,AL,47,193,166,15,38,10,0,5,24,2,0,23,35,101,63,7,2,0,2,0,rendoan01
Hunter Renfroe,MIL,NL,125,522,474,62,121,23,1,29,72,1,1,39,121,126,233,11,4,2,3,1,renfrhu01
Luis Rengifo#,LAA,AL,127,511,489,45,129,22,4,17,52,6,2,17,79,103,210,11,4,1,0,0,rengilu01
Franmil Reyes,TOT,MLB,118,473,438,43,97,17,2,14,47,2,1,30,157,81,160,12,2,0,3,0,reyesfr01
Franmil Reyes,CLE,AL,70,280,263,24,56,9,0,9,28,2,0,14,104,73,92,8,1,0,2,0,reyesfr01
Franmil Reyes,CHC,NL,48,193,175,19,41,8,2,5,19,0,1,16,53,93,68,4,1,0,1,0,reyesfr01
Pablo Reyes,MIL,NL,5,16,15,1,4,0,0,0,0,0,0,1,2,68,4,0,0,0,0,0,reyespa01
Victor Reyes#,DET,AL,92,336,315,27,80,19,3,3,34,2,2,13,77,89,114,7,4,0,4,0,reyesvi01
Bryan Reynolds#,PIT,NL,145,614,542,74,142,19,4,27,62,7,3,56,141,126,250,13,14,0,2,6,reynobr01
Matt Reynolds,TOT,NL,93,272,244,31,60,10,1,3,23,5,0,26,78,78,81,7,1,0,1,0,reynoma03
Matt Reynolds,NYM,NL,1,0,0,0,0,0,0,0,0,0,0,0,0,,0,0,0,0,0,0,reynoma03
Matt Reynolds,CIN,NL,92,272,244,31,60,10,1,3,23,5,0,26,78,78,81,7,1,0,1,0,reynoma03
JT Riddle*,CIN,NL,2,4,4,0,1,0,0,0,0,0,0,0,1,37,1,0,0,0,0,0,riddljt01
Austin Riley,ATL,NL,159,693,615,90,168,39,2,38,93,2,0,57,168,142,325,13,17,0,4,1,rileyau01
Edwin Rios*,LAD,NL,27,92,86,12,21,1,0,7,17,0,1,5,36,114,43,2,1,0,0,1,riosed01
Alfonso Rivas*,CHC,NL,101,287,251,27,59,5,2,3,25,6,1,29,87,80,77,1,4,1,2,1,rivasal01
Emmanuel Rivera,TOT,MLB,102,359,330,46,77,16,3,12,40,1,2,23,83,97,135,8,5,0,1,0,riverem01
Emmanuel Rivera,KCR,AL,63,211,198,24,47,8,3,6,22,0,0,11,46,91,79,7,2,0,0,0,riverem01
Emmanuel Rivera,ARI,NL,39,148,132,22,30,8,0,6,18,1,2,12,37,105,56,1,3,0,1,0,riverem01
Sebastian Rivero,KCR,AL,17,29,26,2,4,0,0,0,1,0,0,2,10,7,4,0,0,1,0,0,riverse01
Anthony Rizzo*,NYY,AL,130,548,465,77,104,21,1,32,75,6,5,58,101,131,223,13,23,0,2,6,rizzoan01
Luis Robert,CHW,AL,98,401,380,54,108,18,0,12,56,11,3,17,77,109,162,6,3,0,1,1,roberlu01
David Robertson,TOT,NL,2,1,1,0,0,0,0,0,0,0,0,0,1,-100,0,0,0,0,0,0,roberda08
David Robertson,CHC,NL,2,1,1,0,0,0,0,0,0,0,0,0,1,-100,0,0,0,0,0,0,roberda08
Kramer Robertson,STL,NL,2,1,1,0,0,0,0,0,1,0,0,0,0,-100,0,0,0,0,0,0,roberkr01
Chuckie Robinson,CIN,NL,25,60,59,3,8,2,0,2,5,0,0,0,17,7,16,5,0,1,0,0,robinch04
Victor Robles,WSN,NL,132,407,366,42,82,10,2,6,33,15,4,17,104,70,114,3,9,11,4,0,roblevi01
Brendan Rodgers,COL,NL,137,581,527,72,140,30,3,13,63,0,0,46,101,96,215,25,3,0,5,0,rodgebr02
Joely Rodríguez*,NYM,NL,2,0,0,0,0,0,0,0,0,0,0,0,0,,0,0,0,0,0,0,rodrijo06
Julio Rodríguez,SEA,AL,132,560,511,84,145,25,3,28,75,25,7,40,145,147,260,7,8,0,1,4,rodriju01
Taylor Rogers*,TOT,NL,1,0,0,0,0,0,0,0,0,0,0,0,0,,0,0,0,0,0,0,rogerta01
Taylor Rogers*,SDP,NL,1,0,0,0,0,0,0,0,0,0,0,0,0,,0,0,0,0,0,0,rogerta01
Jose Rojas*,LAA,AL,22,57,56,1,7,2,0,0,1,0,0,0,19,-14,9,1,1,0,0,0,rojasjo02
Josh Rojas*,ARI,NL,125,510,443,66,119,25,1,9,56,23,3,55,98,111,173,7,2,5,5,2,rojasjo01
Miguel Rojas,MIA,NL,140,507,471,34,111,19,2,6,36,9,3,26,61,72,152,12,6,1,3,1,rojasmi02
JoJo Romero*,TOT,NL,1,0,0,0,0,0,0,0,0,0,0,0,0,,0,0,0,0,0,0,romerjo01
JoJo Romero*,PHI,NL,1,0,0,0,0,0,0,0,0,0,0,0,0,,0,0,0,0,0,0,romerjo01
Austin Romine,TOT,MLB,51,136,129,10,20,3,0,3,9,0,0,4,46,19,32,2,1,2,0,0,rominau01
Austin Romine,TOT,NL,48,127,121,10,18,3,0,3,9,0,0,4,43,17,30,2,1,1,0,0,rominau01
Austin Romine,LAA,AL,3,9,8,0,2,0,0,0,0,0,0,0,3,43,2,0,0,1,0,0,rominau01
Austin Romine,STL,NL,11,28,26,2,4,1,0,0,0,0,0,2,7,19,5,0,0,0,0,0,rominau01
Austin Romine,CIN,NL,37,99,95,8,14,2,0,3,9,0,0,2,36,17,25,2,1,1,0,0,rominau01
Brent Rooker,TOT,MLB,16,36,32,1,4,1,0,0,2,0,0,3,11,11,5,2,1,0,0,0,rookebr01
Brent Rooker,SDP,NL,2,7,7,0,0,0,0,0,0,0,0,0,4,-100,0,0,0,0,0,0,rookebr01
Brent Rooker,KCR,AL,14,29,25,1,4,1,0,0,2,0,0,3,7,38,5,2,1,0,0,0,rookebr01
Amed Rosario,CLE,AL,153,670,637,86,180,26,9,11,71,18,4,25,111,106,257,19,4,0,4,0,rosaram01
Eddie Rosario*,ATL,NL,80,270,250,27,53,12,1,5,24,3,0,17,68,64,82,3,0,0,3,0,rosared01
Eguy Rosario,SDP,NL,7,6,5,0,1,0,0,0,0,0,0,1,2,62,1,0,0,0,0,0,rosareg01
Darin Ruf,TOT,NL,118,388,334,52,68,12,0,11,45,2,0,45,105,83,113,11,6,0,3,0,rufda01
Darin Ruf,SFG,NL,90,314,268,46,58,9,0,11,38,2,0,40,85,98,100,8,5,0,1,0,rufda01
Darin Ruf,NYM,NL,28,74,66,6,10,3,0,0,7,0,0,5,20,20,13,3,1,0,2,0,rufda01
Esteury Ruiz,TOT,NL,17,36,35,3,6,1,1,0,2,1,2,1,7,30,9,0,0,0,0,0,ruizes01
Esteury Ruiz,SDP,NL,14,27,27,1,6,1,1,0,2,1,2,0,5,60,9,0,0,0,0,0,ruizes01
Esteury Ruiz,MIL,NL,3,9,8,2,0,0,0,0,0,0,0,1,2,-64,0,0,0,0,0,0,ruizes01
Keibert Ruiz#,WSN,NL,112,433,394,33,99,22,0,7,36,6,1,30,50,95,142,9,6,1,2,0,ruizke01
Adley Rutschman#,BAL,AL,113,470,398,70,101,35,1,13,42,4,0,65,86,128,177,4,4,0,3,0,rutscad01
Gary Sanchez,MIN,AL,128,471,419,42,86,24,0,16,61,2,0,40,136,89,158,12,7,0,5,0,sanchga02
Jesús Sánchez*,MIA,NL,98,343,313,38,67,14,3,13,36,1,0,26,92,91,126,7,3,0,1,0,sanchje02
Yolmer Sanchez#,TOT,MLB,17,44,37,1,4,0,0,0,2,0,2,5,13,-6,4,0,0,2,0,0,sanchca01
Yolmer Sanchez#,BOS,AL,14,44,37,1,4,0,0,0,2,0,2,5,13,-6,4,0,0,2,0,0,sanchca01
Yolmer Sanchez#,NYM,NL,3,0,0,0,0,0,0,0,0,0,0,0,0,,0,0,0,0,0,0,sanchca01
Donny Sands,PHI,NL,3,4,3,0,0,0,0,0,0,0,0,1,1,-20,0,1,0,0,0,0,sandsdo01
Reiver Sanmartin*,CIN,NL,1,2,2,0,0,0,0,0,0,0,0,0,1,-100,0,0,0,0,0,0,sanmare01
Miguel Sanó,MIN,AL,20,71,60,1,5,0,0,1,3,1,0,9,25,3,8,0,1,0,1,0,sanomi01
Carlos Santana#,TOT,AL,131,506,431,52,87,18,0,19,60,0,0,71,88,100,162,9,2,0,2,2,santaca01
Carlos Santana#,KCR,AL,52,212,176,17,38,10,0,4,21,0,0,36,28,97,60,1,0,0,0,1,santaca01
Carlos Santana#,SEA,AL,79,294,255,35,49,8,0,15,39,0,0,35,60,101,102,8,2,0,2,1,santaca01
Anthony Santander#,BAL,AL,152,647,574,78,138,24,0,33,89,0,2,55,122,117,261,14,13,0,5,1,santaan02
Clarke Schmidt,NYY,AL,1,0,0,0,0,0,0,0,0,0,0,0,0,,0,0,0,0,0,0,schmicl01
Jonathan Schoop,DET,AL,131,510,481,48,97,23,1,11,38,5,0,19,107,62,155,15,6,0,4,1,schoojo01
Max Schrock*,CIN,NL,13,27,26,1,4,0,0,0,1,0,0,1,6,-6,4,0,0,0,0,0,schroma01
Kyle Schwarber*,PHI,NL,155,669,577,100,126,21,3,46,94,10,1,86,200,130,291,10,4,0,2,3,schwaky01
Frank Schwindel,CHC,NL,75,292,271,23,62,11,0,8,36,0,0,19,58,78,97,12,0,0,2,1,schwifr01
Tanner Scott,MIA,NL,3,0,0,0,0,0,0,0,0,0,0,0,0,,0,0,0,0,0,0,scottta01
Corey Seager*,TEX,AL,151,663,593,91,145,24,1,33,83,3,0,58,103,119,270,14,7,0,5,7,seageco01
Jean Segura,PHI,NL,98,387,354,45,98,9,0,10,33,13,6,25,58,104,137,16,7,0,1,1,segurje01
Marcus Semien,TEX,AL,161,724,657,101,163,31,5,26,83,25,8,53,120,108,282,7,4,0,10,0,semiema01
Nick Senzel,CIN,NL,110,420,373,45,86,13,0,5,25,8,5,30,76,64,114,7,5,2,1,0,senzeni01
Brian Serven,COL,NL,62,205,187,19,38,4,1,6,16,0,0,13,44,58,62,7,2,2,1,0,servebr01
Anderson Severino*,CHW,AL,1,0,0,0,0,0,0,0,0,0,0,0,0,,0,0,0,0,0,0,severan01
Pedro Severino,MIL,NL,8,21,18,0,4,2,0,0,1,0,0,3,7,92,6,0,0,0,0,0,severpe01
Paul Sewald,SEA,AL,3,0,0,0,0,0,0,0,0,0,0,0,0,,0,0,0,0,0,0,sewalpa01
Bryan Shaw#,CLE,AL,1,0,0,0,0,0,0,0,0,0,0,0,0,,0,0,0,0,0,0,shawbr01
Travis Shaw*,BOS,AL,7,19,19,0,0,0,0,0,0,0,0,0,7,-100,0,0,0,0,0,0,shawtr01
Gavin Sheets*,CHW,AL,124,410,377,34,91,19,0,15,53,0,0,27,86,98,155,9,3,0,3,0,sheetga01
Zack Short,DET,AL,6,13,9,2,0,0,0,0,2,1,0,2,5,-49,0,0,0,0,2,0,shortza01
Chasen Shreve*,NYM,NL,1,0,0,0,0,0,0,0,0,0,0,0,0,,0,0,0,0,0,0,shrevch01
Michael Siani*,CIN,NL,9,24,24,1,4,0,0,0,0,0,1,0,7,-9,4,1,0,0,0,0,sianimi01
Magneuris Sierra*,LAA,AL,45,96,91,7,15,1,3,0,5,6,1,4,25,25,22,0,0,1,0,0,sierrma01
Andrelton Simmons,CHC,NL,34,85,75,8,13,1,0,0,7,4,0,7,13,25,14,5,0,3,0,0,simmoan01
Jose Siri,TOT,AL,104,325,301,53,64,13,2,7,24,14,2,20,108,75,102,3,3,0,1,0,sirijo01
Jose Siri,HOU,AL,48,147,135,18,24,4,2,3,10,6,1,9,48,54,41,2,2,0,1,0,sirijo01
Jose Siri,TBR,AL,56,178,166,35,40,9,0,4,14,8,1,11,60,92,61,1,1,0,0,0,sirijo01
Austin Slater,SFG,NL,125,325,277,49,73,15,2,7,34,12,1,40,89,119,113,9,6,0,2,0,slateau01
Dominic Smith*,NYM,NL,58,152,134,11,26,10,1,0,17,0,0,12,37,62,38,0,4,0,2,0,smithdo02
Josh Smith*,TEX,AL,73,253,213,23,42,5,0,2,16,4,3,28,50,63,53,1,7,2,3,0,smithjo11
Kevin Smith,OAK,AL,47,151,139,9,25,9,1,2,13,4,0,7,42,50,42,5,0,3,2,0,smithke05
Pavin Smith*,ARI,NL,75,277,245,24,54,9,0,9,33,1,0,28,67,89,90,2,1,0,3,1,smithpa04
Will Smith,LAD,NL,137,578,508,68,132,26,3,24,87,1,0,56,96,120,236,11,10,0,4,4,smithwi05
Canaan Smith-Njigba*,PIT,NL,3,7,5,1,1,1,0,0,0,0,0,1,0,137,2,0,1,0,0,0,smithca05
Collin Snider,KCR,AL,2,0,0,0,0,0,0,0,0,0,0,0,0,,0,0,0,0,0,0,snideco01
Nick Solak,TEX,AL,35,95,82,14,17,1,0,3,4,3,2,7,19,84,27,1,5,1,0,0,solakni01
Donovan Solano,CIN,NL,80,304,278,22,79,16,0,4,24,0,0,19,61,97,107,5,5,0,2,1,solando01
Jorge Soler,MIA,NL,72,306,270,32,56,13,0,13,34,0,2,31,90,95,108,9,3,0,1,1,solerjo01
Edmundo Sosa,TOT,NL,78,190,176,26,40,11,4,2,21,6,1,5,50,83,65,6,7,1,1,0,sosaed01
Edmundo Sosa,STL,NL,53,131,122,17,23,4,3,0,8,3,1,4,38,49,33,3,5,0,0,0,sosaed01
Edmundo Sosa,PHI,NL,25,59,54,9,17,7,1,2,13,3,0,1,12,159,32,3,2,1,1,0,sosaed01
Lenyn Sosa,CHW,AL,11,36,35,3,4,1,0,1,1,0,0,1,12,2,8,2,0,0,0,0,sosale01
Juan Soto*,TOT,NL,153,664,524,93,127,25,2,27,62,6,2,135,96,149,237,12,4,0,0,6,sotoju01
Juan Soto*,WSN,NL,101,436,342,62,84,17,1,21,46,6,2,91,62,159,166,11,3,0,0,4,sotoju01
Juan Soto*,SDP,NL,52,228,182,31,43,8,1,6,16,0,0,44,34,130,71,1,1,0,0,2,sotoju01
Livan Soto*,LAA,AL,18,59,55,9,22,5,1,1,9,1,1,2,13,180,32,1,0,1,1,0,sotoli01
Steven Souza Jr.,SEA,AL,6,19,19,0,3,0,0,0,1,0,0,0,8,-7,3,2,0,0,0,0,souzast01
Cory Spangenberg*,STL,NL,1,0,0,0,0,0,0,0,0,0,0,0,0,,0,0,0,0,0,0,spangco01
George Springer,TOR,AL,133,583,513,89,137,22,4,25,76,14,2,54,100,131,242,7,7,0,5,1,springe01
Jacob Stallings,MIA,NL,114,384,346,25,77,12,0,4,34,0,1,29,83,67,101,15,6,1,2,0,stallja01
Giancarlo Stanton,NYY,AL,110,452,398,53,84,7,0,31,78,0,0,50,137,113,184,8,0,0,3,2,stantmi03
Max Stassi,LAA,AL,102,375,333,32,60,12,1,9,30,0,0,38,112,62,101,12,2,1,1,0,stassma01
Josh Staumont,KCR,AL,2,0,0,0,0,0,0,0,0,0,0,0,0,,0,0,0,0,0,0,staumjo01
Drew Steckenrider,SEA,AL,1,0,0,0,0,0,0,0,0,0,0,0,0,,0,0,0,0,0,0,steckdr01
Spencer Steer,CIN,NL,28,108,95,12,20,5,0,2,8,0,1,11,26,72,31,2,2,0,0,0,steersp01
Michael Stefanic,LAA,AL,25,69,61,5,12,2,0,0,0,0,0,5,12,48,14,1,2,1,0,0,stefami01
Jackson Stephens,ATL,NL,1,0,0,0,0,0,0,0,0,0,0,0,0,,0,0,0,0,0,0,stephja01
Tyler Stephenson,CIN,NL,50,183,166,24,53,9,0,6,35,1,0,12,47,130,80,4,3,0,2,0,stephty01
Cal Stevenson*,OAK,AL,23,71,60,5,10,3,0,0,1,1,1,8,23,42,13,1,0,2,1,0,steveca01
DJ Stewart*,BAL,AL,3,3,3,0,0,0,0,0,0,0,0,0,2,-100,0,0,0,0,0,0,stewadj01
Trevor Story,BOS,AL,94,396,357,53,85,22,0,16,66,13,0,32,122,102,155,9,3,0,4,4,storytr01
Bryson Stott*,PHI,NL,127,466,427,58,100,19,2,10,49,12,4,36,89,84,153,3,1,1,1,0,stottbr01
Kyle Stowers*,BAL,AL,34,98,91,11,23,4,1,3,11,0,0,5,29,104,38,3,2,0,0,0,stoweky01
Dee Strange-Gordon*,WSN,NL,22,59,59,6,18,1,1,0,2,3,2,0,8,92,21,1,0,0,0,0,gordode01
Myles Straw,CLE,AL,152,596,535,72,118,22,3,0,32,21,1,54,87,65,146,4,1,2,4,0,strawmy01
Hunter Strickland,CIN,NL,1,0,0,0,0,0,0,0,0,0,0,0,0,,0,0,0,0,0,0,strichu01
Garrett Stubbs*,PHI,NL,46,121,106,19,28,4,1,5,16,2,0,14,30,128,49,2,0,1,0,0,stubbga01
Eugenio Suárez,SEA,AL,150,629,543,76,128,24,2,31,87,0,0,73,196,129,249,12,8,0,5,0,suareeu01
Cole Sulser,MIA,NL,1,0,0,0,0,0,0,0,0,0,0,0,0,,0,0,0,0,0,0,sulseco01
Jack Suwinski*,PIT,NL,106,372,326,45,66,11,0,19,38,4,2,41,114,98,134,5,4,0,1,1,suwinja01
Kurt Suzuki,LAA,AL,51,159,139,10,25,4,0,4,15,0,0,15,29,60,41,3,2,1,2,0,suzukku01
Seiya Suzuki,CHC,NL,111,446,397,54,104,22,2,14,46,9,5,42,110,116,172,8,4,0,3,3,suzukse01
Travis Swaggerty*,PIT,NL,5,9,9,0,1,0,0,0,0,0,0,0,4,-37,1,0,0,0,0,0,swaggtr01
Dansby Swanson,ATL,NL,162,696,640,99,177,32,1,25,96,18,7,49,182,115,286,12,3,0,4,0,swansda01
Raimel Tapia*,TOR,AL,128,433,411,47,109,20,3,7,52,8,2,16,81,91,156,12,0,3,1,0,tapiara01
Dillon Tate,BAL,AL,2,0,0,0,0,0,0,0,0,0,0,0,0,,0,0,0,0,0,0,tatedi01
Leody Taveras#,TEX,AL,99,341,314,39,82,14,2,5,34,11,5,21,88,93,115,2,2,1,3,0,taverle01
Chris Taylor,LAD,NL,118,454,402,45,89,25,3,10,43,10,1,44,160,86,150,4,5,0,3,2,tayloch03
Michael A. Taylor,KCR,AL,124,456,414,49,105,10,3,9,43,4,2,35,109,90,148,6,2,2,3,0,taylomi02
Tyrone Taylor,MIL,NL,120,405,373,49,87,21,3,17,51,3,2,22,102,104,165,11,7,0,3,0,tayloty01
Rowdy Tellez*,MIL,NL,153,599,529,67,116,23,0,35,89,2,1,62,121,115,244,20,5,0,3,9,tellero01
Matt Thaiss*,LAA,AL,29,81,69,9,15,1,0,2,8,1,0,11,24,84,22,2,0,0,1,1,thaisma01
Caleb Thielbar,MIN,AL,2,0,0,0,0,0,0,0,0,0,0,0,0,,0,0,0,0,0,0,thielca01
Alek Thomas*,ARI,NL,113,411,381,45,88,17,1,8,39,4,3,22,74,76,131,6,3,0,5,0,thomaal01
Cody Thomas*,OAK,AL,10,32,30,1,8,0,0,0,0,0,0,2,12,72,8,0,0,0,0,0,thomaco01
Dillon Thomas*,LAA,AL,8,14,11,1,1,0,0,0,0,0,0,2,6,15,1,0,1,0,0,0,thomadi01
Lane Thomas,WSN,NL,146,548,498,62,120,26,2,17,52,8,4,41,132,103,201,8,4,0,5,0,thomala02
Bubba Thompson,TEX,AL,55,181,170,18,45,5,0,1,9,18,3,7,56,77,53,2,2,2,0,0,thompbu01
Trayce Thompson,TOT,NL,80,255,219,36,56,14,1,13,41,4,1,32,93,135,111,2,2,0,2,0,thomptr01
Trayce Thompson,SDP,NL,6,16,14,1,1,0,0,0,2,0,1,2,7,-20,1,0,0,0,0,0,thomptr01
Trayce Thompson,LAD,NL,74,239,205,35,55,14,1,13,39,4,0,30,86,145,110,2,2,0,2,0,thomptr01
Michael Toglia#,COL,NL,31,120,111,10,24,8,2,2,12,1,1,9,44,73,42,2,0,0,0,0,toglimi01
Ka'ai Tom*,SFG,NL,1,1,1,0,0,0,0,0,0,0,0,0,0,-100,0,0,0,0,0,0,tomka01
Spencer Torkelson,DET,AL,110,404,360,38,73,16,1,8,28,0,1,37,99,77,115,12,5,0,2,0,torkesp01
Abraham Toro#,SEA,AL,109,352,324,36,60,13,1,10,35,2,0,22,65,63,105,4,2,0,4,1,toroab01
Luis Torrens,SEA,AL,55,166,151,13,34,2,0,3,15,0,0,12,50,71,45,5,1,0,2,0,torrelu01
Gleyber Torres,NYY,AL,140,572,526,73,135,28,1,24,76,10,5,39,129,114,237,12,3,1,3,2,torregl01
Ezequiel Tovar,COL,NL,9,35,33,2,7,1,0,1,2,0,0,2,9,57,11,0,0,0,0,0,tovarez01
Taylor Trammell*,SEA,AL,43,117,102,15,20,9,0,4,10,2,1,13,33,99,41,2,0,1,1,0,trammta01
Alan Trejo,COL,NL,35,125,118,15,32,6,0,4,17,1,2,5,31,95,50,3,2,0,0,0,trejoal01
Jose Trevino,NYY,AL,115,353,335,39,83,12,1,11,43,2,1,15,62,90,130,5,2,0,1,0,trevijo01
Chadwick Tromp,ATL,NL,1,4,4,0,3,2,0,0,3,0,0,0,0,448,5,0,0,0,0,0,trompch01
Mike Trout,LAA,AL,119,499,438,85,124,28,2,40,80,1,0,54,139,178,276,6,6,0,1,8,troutmi01
Yoshi Tsutsugo*,PIT,NL,50,193,170,11,29,4,0,2,19,0,0,19,50,37,39,3,0,0,4,0,tsutsyo01
Cole Tucker#,PIT,NL,18,63,63,3,11,1,1,0,2,1,0,0,25,11,14,1,0,0,0,0,tuckeco01
Kyle Tucker*,HOU,AL,150,609,544,71,140,28,1,30,107,25,4,59,95,128,260,11,1,0,2,4,tuckeky01
Justin Turner,LAD,NL,128,532,468,61,130,36,0,13,81,3,0,50,89,116,205,13,6,0,8,1,turneju01
Trea Turner,LAD,NL,160,708,652,101,194,39,4,21,100,27,3,45,131,121,304,9,3,0,6,1,turnetr01
Justin Upton,SEA,AL,17,57,48,2,6,1,0,1,3,0,0,6,23,41,10,1,3,0,0,0,uptonju01
Luis Urías,MIL,NL,119,472,406,54,97,17,1,16,47,1,2,50,99,110,164,9,11,0,5,0,uriaslu01
Ramón Urías,BAL,AL,118,445,403,50,100,17,1,16,51,1,0,30,98,103,167,7,5,3,4,1,uriasra01
Gio Urshela,MIN,AL,144,551,501,61,143,27,3,13,64,1,0,41,96,121,215,21,2,0,7,2,urshegi01
Josh VanMeter*,PIT,NL,67,192,171,15,32,5,2,3,14,4,0,19,45,58,50,3,0,0,2,0,vanmejo01
Ildemaro Vargas#,TOT,NL,63,222,209,19,55,13,1,4,23,3,1,8,23,98,82,6,3,1,1,0,vargail01
Ildemaro Vargas#,CHC,NL,10,26,23,4,3,0,1,1,4,0,0,3,2,61,8,1,0,0,0,0,vargail01
Ildemaro Vargas#,WSN,NL,53,196,186,15,52,13,0,3,19,3,1,5,21,103,74,5,3,1,1,0,vargail01
Miguel Vargas,LAD,NL,18,50,47,4,8,1,0,1,8,1,0,2,13,25,12,0,0,0,1,0,vargami01
Daulton Varsho*,ARI,NL,151,592,531,79,125,23,3,27,74,16,6,46,145,109,235,8,7,2,5,0,varshda01
Andrew Vaughn,CHW,AL,134,555,510,60,138,28,1,17,76,0,0,31,96,111,219,13,9,0,5,0,vaughan01
Terrin Vavra*,BAL,AL,40,103,89,14,23,2,1,1,12,0,1,12,19,94,30,2,0,0,2,0,vavrate01
Christian Vázquez,TOT,AL,119,426,398,41,109,23,0,9,52,1,4,22,69,99,159,10,3,0,3,0,vazquch01
Christian Vázquez,BOS,AL,84,318,294,33,83,20,0,8,42,1,2,18,51,109,127,7,3,0,3,0,vazquch01
Christian Vázquez,HOU,AL,35,108,104,8,26,3,0,1,10,0,2,4,18,68,32,3,0,0,0,0,vazquch01
Andrew Velazquez#,LAA,AL,125,349,322,37,63,8,0,9,28,17,1,15,119,53,98,3,3,6,3,0,velazan01
Nelson Velázquez,CHC,NL,77,206,185,20,38,7,3,6,26,5,2,19,65,85,69,5,2,0,0,0,velazne01
Alex Verdugo*,BOS,AL,152,644,593,75,166,39,1,11,74,1,3,42,86,102,240,14,3,0,6,2,verdual01
Mark Vientos,NYM,NL,16,41,36,3,6,1,0,1,3,0,0,5,12,58,10,1,0,0,0,0,vientma01
Matt Vierling,PHI,NL,117,357,325,41,80,12,2,6,32,7,4,23,70,83,114,7,3,0,6,0,vierlma01
David Villar,SFG,NL,52,181,156,21,36,6,1,9,24,0,1,18,58,120,71,4,6,0,1,0,villada01
Jonathan Villar#,TOT,MLB,59,220,202,25,42,6,2,3,18,7,0,15,59,59,61,4,0,1,2,0,villajo01
Jonathan Villar#,CHC,NL,46,166,153,19,34,6,2,2,15,6,0,11,42,69,50,3,0,0,2,0,villajo01
Jonathan Villar#,LAA,AL,13,54,49,6,8,0,0,1,3,1,0,4,17,29,11,1,0,1,0,0,villajo01
Meibrys Viloria*,TEX,AL,26,75,63,10,10,1,0,2,5,0,0,11,29,59,17,0,0,0,1,0,vilorme01
Daniel Vogelbach*,TOT,NL,130,461,386,47,92,19,1,18,59,0,0,73,114,125,167,11,1,0,1,2,vogelda01
Daniel Vogelbach*,PIT,NL,75,278,237,29,54,10,1,12,34,0,0,40,67,116,102,8,0,0,1,1,vogelda01
Daniel Vogelbach*,NYM,NL,55,183,149,18,38,9,0,6,25,0,0,33,47,139,65,3,1,0,0,1,vogelda01
Stephen Vogt*,OAK,AL,70,191,168,18,27,4,1,7,23,1,0,17,46,63,54,4,2,0,4,0,vogtst01
Luke Voit,TOT,NL,135,568,500,55,113,22,0,22,69,1,1,55,179,106,201,9,7,0,6,1,voitlu01
Luke Voit,SDP,NL,82,344,298,38,67,18,0,13,48,1,1,39,110,113,124,5,3,0,4,1,voitlu01
Luke Voit,WSN,NL,53,224,202,17,46,4,0,9,21,0,0,16,69,95,77,4,4,0,2,0,voitlu01
Jason Vosler*,SFG,NL,36,111,98,14,26,6,1,4,12,1,1,10,29,127,46,3,2,0,1,1,vosleja01
Joey Votto*,CIN,NL,91,376,322,31,66,18,1,11,41,0,0,44,97,87,119,8,10,0,0,0,vottojo01
LaMonte Wade Jr.*,SFG,NL,77,251,217,29,45,7,1,8,26,1,0,26,51,88,78,0,5,2,1,0,wadela01
Tyler Wade*,LAA,AL,67,163,147,22,32,5,0,1,8,8,5,10,33,56,40,3,1,5,0,0,wadety01
Christian Walker,ARI,NL,160,667,583,84,141,25,2,36,94,2,2,69,131,126,278,15,8,0,7,2,walkech02
Steele Walker*,TEX,AL,5,16,14,1,1,0,0,1,1,0,0,2,4,34,4,0,0,0,0,0,walkest01
Chad Wallach,LAA,AL,12,40,35,3,5,1,0,1,4,0,0,4,9,39,9,1,0,1,0,0,wallach01
Matt Wallner*,MIN,AL,18,65,57,4,13,3,0,2,10,1,0,6,25,105,22,0,2,0,0,1,wallnma01
Taylor Walls#,TBR,AL,142,466,407,53,70,18,2,8,33,10,3,52,120,63,116,6,2,2,2,0,wallsta01
Jared Walsh*,LAA,AL,118,454,423,41,91,18,2,15,44,2,1,27,138,81,158,6,4,0,0,4,walshja01
Donovan Walton*,TOT,MLB,25,78,76,9,12,8,0,1,8,0,0,1,16,33,23,1,1,0,0,0,waltodo01
Donovan Walton*,SEA,AL,1,0,0,1,0,0,0,0,0,0,0,0,0,,0,0,0,0,0,0,waltodo01
Donovan Walton*,SFG,NL,24,78,76,8,12,8,0,1,8,0,0,1,16,33,23,1,1,0,0,0,waltodo01
Taylor Ward,LAA,AL,135,564,495,73,139,22,2,23,65,5,3,60,120,135,234,5,4,0,5,0,wardta01
Drew Waters#,KCR,AL,32,109,96,14,23,6,1,5,18,0,0,12,40,124,46,1,0,0,0,0,waterdr01
Luke Weaver,TOT,MLB,1,0,0,0,0,0,0,0,0,0,0,0,0,,0,0,0,0,0,0,weavelu01
Luke Weaver,ARI,NL,1,0,0,0,0,0,0,0,0,0,0,0,0,,0,0,0,0,0,0,weavelu01
J.B. Wendelken,ARI,NL,1,0,0,0,0,0,0,0,0,0,0,0,0,,0,0,0,0,0,0,wendejb01
Joey Wendle*,MIA,NL,101,371,347,27,90,24,1,3,32,12,3,15,50,86,125,7,5,1,3,0,wendljo01
Eli White,TEX,AL,47,117,105,16,21,2,0,3,10,12,1,11,41,66,32,0,0,0,1,0,whiteel04
Aaron Whitefield,LAA,AL,5,11,11,0,0,0,0,0,0,0,0,0,5,-100,0,0,0,0,0,0,whiteaa01
Luke Williams,TOT,NL,79,136,127,21,30,5,1,1,6,11,4,9,44,71,40,1,0,0,0,1,willilu01
Luke Williams,SFG,NL,8,12,12,1,3,1,0,0,3,0,0,0,4,63,4,0,0,0,0,0,willilu01
Luke Williams,MIA,NL,71,124,115,20,27,4,1,1,3,11,4,9,40,72,36,1,0,0,0,1,willilu01
Trevor Williams,NYM,NL,2,0,0,0,0,0,0,0,0,0,0,0,0,,0,0,0,0,0,0,willitr01
Marcus Wilson,SEA,AL,3,6,5,1,1,0,0,0,0,0,0,1,4,62,1,0,0,0,0,0,wilsoma02
Jesse Winker*,SEA,AL,136,547,456,51,100,15,0,14,53,0,0,84,103,103,157,8,4,0,3,1,winkeje01
Patrick Wisdom,CHC,NL,134,534,469,67,97,28,0,25,66,8,4,53,183,102,200,8,9,1,2,1,wisdopa01
Bobby Witt,KCR,AL,150,632,591,82,150,31,6,20,80,30,7,30,135,102,253,12,6,0,5,2,wittbo02
Tony Wolters*,LAD,NL,2,4,4,0,0,0,0,0,0,0,0,0,3,-100,0,0,0,0,0,0,wolteto01
Connor Wong,BOS,AL,27,56,48,8,9,3,0,1,7,0,0,5,16,63,15,0,1,1,1,0,wongco01
Kolten Wong*,MIL,NL,134,497,430,65,108,24,4,15,47,17,6,46,88,118,185,5,14,2,5,2,wongko01
Austin Wynns,SFG,NL,65,177,162,14,42,7,0,3,21,0,0,10,38,90,58,9,3,1,1,0,wynnsau01
Mike Yastrzemski*,SFG,NL,148,558,485,73,104,31,2,17,57,5,1,61,141,96,190,3,5,1,6,0,yastrmi01
Christian Yelich*,MIL,NL,154,671,575,99,145,25,4,14,57,19,3,88,162,111,220,9,5,1,2,5,yelicch01
Juan Yepez,STL,NL,76,274,253,27,64,13,0,12,30,0,0,16,61,111,113,6,1,0,4,0,yepezju01
Jared Young*,CHC,NL,6,22,19,2,5,2,0,0,0,1,0,3,7,108,7,0,0,0,0,0,youngja02
Seby Zavala,CHW,AL,61,205,178,22,48,14,0,2,21,0,0,19,64,107,68,1,3,3,2,0,zavalse01
Bradley Zimmer*,TOT,MLB,209,218,105,18,13,5,0,2,5,3,2,5,45,25,24,0,6,1,0,0,zimmebr01
Bradley Zimmer*,TOT,AL,200,202,89,14,9,4,0,2,5,3,2,5,41,19,19,0,6,1,0,0,zimmebr01
Bradley Zimmer*,TOR,AL,100,101,76,11,8,4,0,2,3,2,1,5,33,28,18,0,5,1,0,0,zimmebr01
Bradley Zimmer*,PHI,NL,9,16,16,4,4,1,0,0,0,0,0,0,4,58,5,0,0,0,0,0,zimmebr01
Bradley Zimmer*,TOR,AL,100,101,13,3,1,0,0,0,2,1,1,0,8,-34,1,0,1,0,0,0,zimmebr01
Mike Zunino,TBR,AL,36,123,115,7,17,3,0,5,16,0,0,6,46,44,35,2,1,0,1,0,zuninmi01