Name,Tm,Lg,W,L,ERA,G,GS,GF,CG,SHO,SV,IP,H,R,ER,HR,BB,IBB,SO,HBP,BK,WP,BF,ERA+,FIP,WHIP,H9,HR9,BB9,SO9,SO/W,Name-additional
Albert Abreu,NYY,AL,0,1,20.25,2,0,1,0,0,0,1.1,4,4,3,1,2,0,2,1,0,0,11,27,16.69,4.500,27.0,6.8,13.5,13.5,1.00,abreual01
Bryan Abreu,HOU,AL,0,0,2.70,4,0,1,0,0,0,3.1,1,2,1,0,7,0,3,2,0,0,20,181,9.49,2.400,2.7,0.0,18.9,8.1,0.43,abreubr01
Jason Adam,CHC,NL,2,1,3.29,13,0,5,0,0,0,13.2,9,7,5,2,8,0,21,0,0,0,58,140,3.78,1.244,5.9,1.3,5.3,13.8,2.63,adamja01
Austin Adams,SDP,NL,0,0,4.50,3,0,1,0,0,0,4.0,3,2,2,1,2,0,7,0,0,1,17,101,4.44,1.250,6.8,2.3,4.5,15.8,3.50,adamsau02
Chance Adams,KCR,AL,0,0,9.35,6,0,1,0,0,0,8.2,15,9,9,1,0,0,6,0,0,2,40,52,3.31,1.731,15.6,1.0,0.0,6.2,,adamsch01
Ehire Adrianza,MIN,AL,0,0,9.00,1,0,1,0,0,0,1.0,1,1,1,1,0,0,0,1,0,0,5,65,19.19,1.000,9.0,9.0,0.0,0.0,,adriaeh01
Keegan Akin*,BAL,AL,1,2,4.56,8,6,0,0,0,0,25.2,27,17,13,3,10,0,35,1,1,0,116,103,3.27,1.442,9.5,1.1,3.5,12.3,3.50,akinke01
Jorge Alcala,MIN,AL,2,1,2.63,16,0,8,0,0,0,24.0,21,8,7,3,8,0,27,0,0,1,94,166,3.57,1.208,7.9,1.1,3.0,10.1,3.38,alcaljo01
Sandy Alcantara,MIA,NL,3,2,3.00,7,7,0,0,0,0,42.0,35,22,14,4,15,0,39,1,1,1,172,152,3.71,1.190,7.5,0.9,3.2,8.4,2.60,alcansa01
Scott Alexander*,LAD,NL,2,0,2.92,13,0,1,0,0,0,12.1,9,6,4,2,9,1,9,0,0,0,52,153,6.03,1.459,6.6,1.5,6.6,6.6,1.00,alexasc02
Tyler Alexander*,DET,AL,2,3,3.96,14,2,0,0,0,0,36.1,39,16,16,8,9,0,34,4,0,0,152,115,5.26,1.321,9.7,2.0,2.2,8.4,3.78,alexaty01
Kolby Allard*,TEX,AL,0,6,7.75,11,8,2,0,0,0,33.2,31,29,29,4,20,0,32,1,0,1,152,58,4.71,1.515,8.3,1.1,5.3,8.6,1.60,allarko01
Logan Allen*,CLE,AL,0,0,3.38,3,0,2,0,0,0,10.2,12,4,4,1,7,0,7,1,0,1,49,135,5.35,1.781,10.1,0.8,5.9,5.9,1.00,allenlo01
Yency Almonte,COL,NL,3,0,2.93,24,0,4,0,0,1,27.2,25,13,9,2,6,0,23,3,0,0,113,178,3.44,1.120,8.1,0.7,2.0,7.5,3.83,almonye01
Dan Altavilla,TOT,MLB,2,3,5.75,22,0,7,0,0,1,20.1,18,14,13,3,12,0,24,0,0,2,89,76,4.52,1.475,8.0,1.3,5.3,10.6,2.00,altavda01
Dan Altavilla,SEA,AL,1,2,7.71,13,0,5,0,0,1,11.2,12,11,10,3,7,0,14,0,0,0,54,57,5.93,1.629,9.3,2.3,5.4,10.8,2.00,altavda01
Dan Altavilla,SDP,NL,1,1,3.12,9,0,2,0,0,0,8.2,6,3,3,0,5,0,10,0,0,2,35,139,2.61,1.269,6.2,0.0,5.2,10.4,2.00,altavda01
José Alvarado*,TBR,AL,0,0,6.00,9,0,3,0,0,0,9.0,9,7,6,2,6,0,13,2,0,3,45,71,5.86,1.667,9.0,2.0,6.0,13.0,2.17,alvarjo03
Jose Alvarez*,PHI,NL,0,0,1.42,8,0,1,0,0,0,6.1,7,1,1,0,3,0,6,0,0,0,27,332,2.72,1.579,9.9,0.0,4.3,8.5,2.00,alvarjo02
Adbert Alzolay,CHC,NL,1,1,2.95,6,4,0,0,0,0,21.1,12,8,7,1,13,0,29,1,0,1,87,154,3.05,1.172,5.1,0.4,5.5,12.2,2.23,alzolad01
Brett Anderson*,MIL,NL,4,4,4.21,10,10,0,0,0,0,47.0,50,24,22,6,10,0,32,4,0,0,202,108,4.38,1.277,9.6,1.1,1.9,6.1,3.20,anderbr04
Chase Anderson,TOR,AL,1,2,7.22,10,7,0,0,0,0,33.2,45,29,27,11,10,0,38,1,0,1,154,61,6.16,1.634,12.0,2.9,2.7,10.2,3.80,anderch01
Drew Anderson,CHW,AL,0,1,40.50,1,0,0,0,0,0,1.1,4,6,6,2,2,0,2,0,0,1,10,14,24.19,4.500,27.0,13.5,13.5,13.5,1.00,anderdr02
Ian Anderson,ATL,NL,3,2,1.95,6,6,0,0,0,0,32.1,21,11,7,1,14,0,41,2,0,4,138,242,2.54,1.082,5.8,0.3,3.9,11.4,2.93,anderia01
Nick Anderson,TBR,AL,2,1,0.55,19,0,9,0,0,6,16.1,5,2,1,1,3,0,26,0,0,0,58,756,1.35,0.490,2.8,0.6,1.7,14.3,8.67,anderni01
Shaun Anderson,SFG,NL,0,0,3.52,18,0,4,0,0,0,15.1,10,6,6,3,12,0,18,0,0,2,67,124,5.73,1.435,5.9,1.8,7.0,10.6,1.50,andersh01
Tyler Anderson*,SFG,NL,4,3,4.37,13,11,0,1,0,0,59.2,58,32,29,5,25,0,41,4,0,1,260,98,4.36,1.391,8.7,0.8,3.8,6.2,1.64,anderty01
Matt Andriese,LAA,AL,2,4,4.50,16,1,3,0,0,2,32.0,21,17,16,5,11,0,33,1,0,0,126,101,4.28,1.000,5.9,1.4,3.1,9.3,3.00,andrima01
Tejay Antone,CIN,NL,0,3,2.80,13,4,1,0,0,0,35.1,20,11,11,4,16,0,45,2,0,2,141,176,3.64,1.019,5.1,1.0,4.1,11.5,2.81,antonte01
Orlando Arcia,MIL,NL,0,0,18.00,2,0,2,0,0,0,2.0,4,4,4,1,1,0,0,0,0,0,11,29,11.19,2.500,18.0,4.5,4.5,0.0,0.00,arciaor01
Shawn Armstrong,BAL,AL,2,0,1.80,14,0,2,0,0,0,15.0,9,6,3,1,3,0,14,1,0,2,57,264,2.99,0.800,5.4,0.6,1.8,8.4,4.67,armstsh01
Jake Arrieta,PHI,NL,4,4,5.08,9,9,0,0,0,0,44.1,51,25,25,6,16,0,32,1,0,4,190,89,4.66,1.511,10.4,1.2,3.2,6.5,2.00,arrieja01
Luis Avilán*,NYY,AL,0,0,4.32,10,0,1,0,0,0,8.1,9,4,4,2,5,0,9,0,0,0,39,103,5.95,1.680,9.7,2.2,5.4,9.7,1.80,avilalu01
Dakota Bacus,WSN,NL,0,0,7.94,11,0,3,0,0,0,11.1,14,10,10,1,9,0,7,0,0,0,57,58,5.49,2.029,11.1,0.8,7.1,5.6,0.78,bacusda01
Michel Báez,SDP,NL,0,0,7.71,3,1,1,0,0,0,4.2,7,4,4,0,2,0,7,0,1,0,23,58,1.48,1.929,13.5,0.0,3.9,13.5,3.50,baezmi01
Pedro Báez,LAD,NL,0,0,3.18,18,0,2,0,0,2,17.0,10,8,6,2,7,0,13,0,0,0,70,140,4.43,1.000,5.3,1.1,3.7,6.9,1.86,baezpe01
Brandon Bailey,HOU,AL,0,0,2.45,5,0,1,0,0,0,7.1,6,2,2,1,3,0,4,1,0,1,30,189,5.51,1.227,7.4,1.2,3.7,4.9,1.33,bailebr01
Homer Bailey,MIN,AL,1,0,3.38,2,2,0,0,0,0,8.0,6,3,3,1,3,0,7,1,0,0,33,133,4.57,1.125,6.8,1.1,3.4,7.9,2.33,baileho02
Anthony Banda*,TBR,AL,1,0,10.29,4,0,3,0,0,1,7.0,10,9,8,1,5,0,4,2,0,0,36,42,6.91,2.143,12.9,1.3,6.4,5.1,0.80,bandaan01
Caleb Baragar*,SFG,NL,5,1,4.03,24,1,2,0,0,0,22.1,17,10,10,3,5,0,19,1,0,1,88,107,4.04,0.985,6.9,1.2,2.0,7.7,3.80,baragca01
Daniel Bard,COL,NL,4,2,3.65,23,0,10,0,0,6,24.2,22,10,10,2,10,2,27,3,0,1,106,143,3.64,1.297,8.0,0.7,3.6,9.9,2.70,bardda01
Luke Bard,LAA,AL,0,0,6.75,6,0,3,0,0,0,5.1,7,4,4,2,0,0,7,0,1,0,23,71,5.44,1.313,11.8,3.4,0.0,11.8,,bardlu01
Scott Barlow,KCR,AL,2,1,4.20,32,0,7,0,0,2,30.0,27,14,14,4,9,2,39,2,0,2,125,112,3.42,1.200,8.1,1.2,2.7,11.7,4.33,barlosc01
Jacob Barnes,LAA,AL,0,2,5.50,18,0,5,0,0,0,18.0,19,13,11,1,4,0,24,2,0,0,78,84,2.25,1.278,9.5,0.5,2.0,12.0,6.00,barneja01
Matt Barnes,BOS,AL,1,3,4.30,24,0,14,0,0,9,23.0,18,13,11,4,14,1,31,2,0,4,102,113,4.84,1.391,7.0,1.6,5.5,12.1,2.21,barnema01
Aaron Barrett,WSN,NL,0,0,10.80,2,0,0,0,0,0,1.2,2,2,2,0,2,1,1,1,0,0,9,50,7.39,2.400,10.8,0.0,10.8,5.4,0.50,barreaa01
Jaime Barria,LAA,AL,1,0,3.62,7,5,2,0,0,0,32.1,27,13,13,3,9,1,27,1,0,0,132,126,3.65,1.113,7.5,0.8,2.5,7.5,3.00,barrija01
Tyler Bashlor,PIT,NL,0,0,8.64,8,0,3,0,0,0,8.1,9,8,8,2,4,0,6,2,0,1,38,54,7.03,1.560,9.7,2.2,4.3,6.5,1.50,bashlty01
Anthony Bass,TOR,AL,2,3,3.51,26,0,14,0,0,7,25.2,17,13,10,2,9,2,21,0,0,0,100,127,3.62,1.013,6.0,0.7,3.2,7.4,2.33,bassan01
Chris Bassitt,OAK,AL,5,2,2.29,11,11,0,0,0,0,63.0,56,18,16,6,17,0,55,2,0,2,261,183,3.59,1.159,8.0,0.9,2.4,7.9,3.24,bassich01
Trevor Bauer,CIN,NL,5,4,1.73,11,11,0,2,2,0,73.0,41,17,14,9,17,1,100,3,0,3,278,284,2.88,0.795,5.1,1.1,2.1,12.3,5.88,bauertr01
Jeremy Beasley,ARI,NL,0,0,0.00,1,0,1,0,0,0,0.1,2,0,0,0,0,0,1,0,0,0,3,,-2.81,6.000,54.0,0.0,0.0,27.0,,beaslje01
David Bednar,SDP,NL,0,0,7.11,4,0,3,0,0,0,6.1,11,6,5,1,2,0,5,0,0,0,32,62,4.61,2.053,15.6,1.4,2.8,7.1,2.50,bednada01
Cam Bedrosian,LAA,AL,0,0,2.45,11,0,3,0,0,0,14.2,10,4,4,0,6,0,11,0,0,1,58,188,2.92,1.091,6.1,0.0,3.7,6.8,1.83,bedroca01
Jalen Beeks*,TBR,AL,1,1,3.26,12,0,3,0,0,1,19.1,21,9,7,1,4,0,26,0,0,2,81,127,1.79,1.293,9.8,0.5,1.9,12.1,6.50,beeksja02
Anthony Bemboom,LAA,AL,0,0,0.00,1,0,1,0,0,0,1.0,0,0,0,0,1,0,0,0,0,0,4,,6.19,1.000,0.0,0.0,9.0,0.0,0.00,bemboan01
Wes Benjamin*,TEX,AL,2,1,4.84,8,1,0,0,0,0,22.1,24,12,12,4,7,0,21,0,0,0,98,94,4.58,1.388,9.7,1.6,2.8,8.5,3.00,benjawe01
Travis Bergen*,TOT,MLB,1,0,3.24,8,0,2,0,0,1,8.1,5,3,3,1,9,0,11,0,0,0,36,149,5.35,1.680,5.4,1.1,9.7,11.9,1.22,bergetr01
Travis Bergen*,TOR,AL,0,0,0.00,1,0,0,0,0,0,1.2,1,0,0,0,1,0,3,0,0,0,6,,1.39,1.200,5.4,0.0,5.4,16.2,3.00,bergetr01
Travis Bergen*,ARI,NL,1,0,4.05,7,0,2,0,0,1,6.2,4,3,3,1,8,0,8,0,0,0,30,116,6.34,1.800,5.4,1.4,10.8,10.8,1.00,bergetr01
José Berríos,MIN,AL,5,4,4.00,12,12,0,0,0,0,63.0,57,28,28,8,26,0,68,3,0,5,271,108,4.06,1.317,8.1,1.1,3.7,9.7,2.62,berrijo01
Dellin Betances,NYM,NL,0,1,7.71,15,0,2,0,0,0,11.2,12,10,10,0,12,0,11,2,0,2,59,57,4.91,2.057,9.3,0.0,9.3,8.5,0.92,betande01
Joe Biagini,HOU,AL,0,0,20.77,4,0,0,0,0,0,4.1,10,10,10,1,4,0,4,0,0,1,27,23,7.11,3.231,20.8,2.1,8.3,8.3,1.00,biagijo01
Phil Bickford,MIL,NL,0,0,36.00,1,0,0,0,0,0,1.0,4,4,4,0,0,0,2,2,0,1,9,17,5.19,4.000,36.0,0.0,0.0,18.0,,bickfph01
Jesse Biddle*,CIN,NL,0,0,0.00,1,0,0,0,0,0,0.2,1,0,0,0,1,0,1,0,0,0,4,,4.69,3.000,13.5,0.0,13.5,13.5,1.00,biddlje01
Shane Bieber,CLE,AL,8,1,1.63,12,12,0,0,0,0,77.1,46,15,14,7,21,0,122,1,0,5,297,273,2.07,0.866,5.4,0.8,2.4,14.2,5.81,biebesh01
Brandon Bielak,HOU,AL,3,3,6.75,12,6,3,0,0,0,32.0,39,26,24,9,17,0,26,2,0,0,148,66,7.00,1.750,11.0,2.5,4.8,7.3,1.53,bielabr01
Ray Black,MIL,NL,0,0,3.00,3,0,2,0,0,0,3.0,2,1,1,0,3,0,3,0,0,0,14,168,4.19,1.667,6.0,0.0,9.0,9.0,1.00,blackra01
Paul Blackburn,OAK,AL,0,1,27.00,1,1,0,0,0,0,2.1,5,7,7,0,2,0,2,0,0,1,14,18,4.05,3.000,19.3,0.0,7.7,7.7,1.00,blackpa01
Richard Bleier*,TOT,MLB,1,1,2.16,21,0,1,0,0,0,16.2,14,6,4,0,4,1,11,1,0,2,67,219,2.77,1.080,7.6,0.0,2.2,5.9,2.75,bleieri01
Richard Bleier*,BAL,AL,0,0,0.00,2,0,0,0,0,0,3.0,1,0,0,0,0,0,4,1,0,1,11,,1.52,0.333,3.0,0.0,0.0,12.0,,bleieri01
Richard Bleier*,MIA,NL,1,1,2.63,19,0,1,0,0,0,13.2,13,6,4,0,4,1,7,0,0,1,56,176,3.04,1.244,8.6,0.0,2.6,4.6,1.75,bleieri01
Scott Blewett,KCR,AL,0,0,6.00,2,0,1,0,0,0,3.0,6,2,2,0,1,0,4,0,0,0,16,86,1.52,2.333,18.0,0.0,3.0,12.0,4.00,blewesc01
Ronald Bolaños,KCR,AL,0,2,12.27,2,2,0,0,0,0,3.2,8,7,5,2,3,0,2,1,0,2,21,41,12.46,3.000,19.6,4.9,7.4,4.9,0.67,bolanro01
Ryan Borucki*,TOR,AL,1,1,2.70,21,0,1,0,0,0,16.2,12,5,5,1,12,1,21,0,0,0,73,166,3.61,1.440,6.5,0.5,6.5,11.3,1.75,borucry01
James Bourque,WSN,NL,1,0,6.75,6,0,3,0,0,0,4.0,3,3,3,1,5,0,1,0,0,1,19,71,9.69,2.000,6.8,2.3,11.3,2.3,0.20,bourqja01
Brad Boxberger,MIA,NL,1,0,3.00,23,0,0,0,0,0,18.0,17,7,6,3,8,0,18,1,0,0,79,154,4.86,1.389,8.5,1.5,4.0,9.0,2.25,boxbebr01
Matthew Boyd*,DET,AL,3,7,6.71,12,12,0,1,0,0,60.1,67,46,45,15,22,0,60,5,0,5,271,68,5.78,1.475,10.0,2.2,3.3,9.0,2.73,boydma01
Brad Brach,NYM,NL,1,0,5.84,14,0,5,0,0,0,12.1,8,8,8,2,14,0,14,1,0,2,58,75,6.68,1.784,5.8,1.5,10.2,10.2,1.00,brachbr01
Silvino Bracho,ARI,NL,0,0,18.00,1,0,0,0,0,0,1.0,2,2,2,1,0,0,1,0,0,0,5,33,14.19,2.000,18.0,9.0,0.0,9.0,,brachsi01
Archie Bradley,TOT,NL,2,0,2.95,16,0,10,0,0,6,18.1,17,6,6,1,3,0,18,1,0,0,73,164,2.59,1.091,8.3,0.5,1.5,8.8,6.00,bradlar01
Archie Bradley,ARI,NL,1,0,4.22,10,0,9,0,0,6,10.2,13,5,5,0,3,0,12,1,0,0,45,110,2.07,1.500,11.0,0.0,2.5,10.1,4.00,bradlar01
Archie Bradley,CIN,NL,1,0,1.17,6,0,1,0,0,0,7.2,4,1,1,1,0,0,6,0,0,0,28,433,3.32,0.522,4.7,1.2,0.0,7.0,,bradlar01
Ryan Brasier,BOS,AL,1,0,3.96,25,1,1,0,0,0,25.0,24,12,11,2,11,1,30,0,2,1,110,122,3.15,1.400,8.6,0.7,4.0,10.8,2.73,brasiry01
Steven Brault*,PIT,NL,1,3,3.38,11,10,0,1,0,0,42.2,29,17,16,2,22,0,38,5,0,3,178,134,3.92,1.195,6.1,0.4,4.6,8.0,1.73,braulst01
Ben Braymer*,WSN,NL,1,0,1.23,3,1,0,0,0,0,7.1,7,1,1,0,5,0,8,0,0,0,34,379,3.05,1.636,8.6,0.0,6.1,9.8,1.60,braymbe01
Brandon Brennan,SEA,AL,0,0,3.68,5,0,0,0,0,0,7.1,7,3,3,2,5,1,7,0,0,0,33,121,6.87,1.636,8.6,2.5,6.1,8.6,1.40,brennbr01
Colten Brewer,BOS,AL,0,3,5.61,11,4,1,0,0,0,25.2,31,17,16,6,14,0,25,1,0,1,122,86,6.04,1.753,10.9,2.1,4.9,8.8,1.79,breweco01
Austin Brice,BOS,AL,1,0,5.95,21,1,2,0,0,0,19.2,17,13,13,3,13,0,25,2,0,1,87,82,4.92,1.525,7.8,1.4,5.9,11.4,1.92,briceau01
Jeff Brigham,MIA,NL,0,0,9.00,1,0,0,0,0,0,1.0,2,1,1,0,0,0,0,0,0,0,5,67,3.19,2.000,18.0,0.0,0.0,0.0,,brighje01
Zack Britton*,NYY,AL,1,2,1.89,20,0,10,0,0,8,19.0,12,6,4,0,7,0,16,0,0,4,76,228,2.61,1.000,5.7,0.0,3.3,7.6,2.29,brittza01
Connor Brogdon,PHI,NL,1,0,3.97,9,0,3,0,0,0,11.1,5,5,5,3,5,1,17,0,0,0,44,116,4.96,0.882,4.0,2.4,4.0,13.5,3.40,brogdco01
Mike Brosseau,TBR,AL,0,0,0.00,1,0,1,0,0,0,0.1,0,0,0,0,0,0,1,0,0,0,1,,-2.81,0.000,0.0,0.0,0.0,27.0,,brossmi01
Rex Brothers*,CHC,NL,0,0,8.10,3,0,0,0,0,0,3.1,2,3,3,2,3,0,8,0,1,0,15,61,8.89,1.500,5.4,5.4,8.1,21.6,2.67,brothre01
JT Brubaker,PIT,NL,1,3,4.94,11,9,0,0,0,0,47.1,48,27,26,6,17,0,48,3,0,4,205,91,4.08,1.373,9.1,1.1,3.2,9.1,2.82,brubajt01
Kris Bubic*,KCR,AL,1,6,4.32,10,10,0,0,0,0,50.0,52,29,24,8,22,1,49,2,0,0,222,108,4.75,1.480,9.4,1.4,4.0,8.8,2.23,bubickr01
Ryan Buchter*,LAA,AL,2,0,4.50,10,0,1,0,0,0,6.0,5,4,3,2,6,0,8,0,0,1,29,106,7.86,1.833,7.5,3.0,9.0,12.0,1.33,buchtry01
Walker Buehler,LAD,NL,1,0,3.44,8,8,0,0,0,0,36.2,24,18,14,7,11,0,42,1,0,4,147,128,4.36,0.955,5.9,1.7,2.7,10.3,3.82,buehlwa01
Madison Bumgarner*,ARI,NL,1,4,6.48,9,9,0,0,0,0,41.2,47,31,30,13,13,2,30,6,0,0,190,70,7.18,1.440,10.2,2.8,2.8,6.5,2.31,bumgama01
Aaron Bummer*,CHW,AL,1,0,0.96,9,0,1,0,0,0,9.1,5,1,1,0,5,0,14,0,0,0,38,476,1.80,1.071,4.8,0.0,4.8,13.5,2.80,bummeaa01
Dylan Bundy,LAA,AL,6,3,3.29,11,11,0,1,0,0,65.2,51,27,24,5,17,1,72,4,0,2,267,138,2.95,1.036,7.0,0.7,2.3,9.9,4.24,bundydy01
Nick Burdi,PIT,NL,0,1,3.86,3,0,3,0,0,1,2.1,2,1,1,0,2,0,4,0,0,0,10,133,2.33,1.714,7.7,0.0,7.7,15.4,2.00,burdini01
Zack Burdi,CHW,AL,0,1,11.05,8,0,0,0,0,0,7.1,11,11,9,4,3,0,11,0,0,1,37,42,8.51,1.909,13.5,4.9,3.7,13.5,3.67,burdiza01
Corbin Burnes,MIL,NL,4,1,2.11,12,9,2,0,0,0,59.2,37,15,14,2,24,0,88,3,0,5,240,216,2.03,1.022,5.6,0.3,3.6,13.3,3.67,burneco01
Beau Burrows,DET,AL,0,0,5.40,5,0,1,0,0,0,6.2,8,4,4,3,1,0,3,1,0,0,30,88,9.04,1.350,10.8,4.1,1.4,4.1,3.00,burrobe01
Drew Butera,COL,NL,0,0,5.40,1,0,1,0,0,0,1.2,3,1,1,0,0,0,1,0,0,0,8,112,1.99,1.800,16.2,0.0,0.0,5.4,,buterdr01
Ty Buttrey,LAA,AL,2,3,5.81,27,0,14,0,0,5,26.1,28,18,17,4,9,3,18,1,0,2,112,79,4.94,1.405,9.6,1.4,3.1,6.2,2.00,buttrty01
Génesis Cabrera*,STL,NL,4,1,2.42,19,0,1,0,0,1,22.1,10,9,6,3,16,0,32,4,0,3,96,175,4.76,1.164,4.0,1.2,6.4,12.9,2.00,cabrege01
Trevor Cahill,SFG,NL,1,2,3.24,11,6,2,0,0,0,25.0,16,10,9,3,14,0,31,2,0,1,106,133,4.19,1.200,5.8,1.1,5.0,11.2,2.21,cahiltr01
Griffin Canning,LAA,AL,2,3,3.99,11,11,0,0,0,0,56.1,54,29,25,8,23,0,56,1,0,5,238,114,4.33,1.367,8.6,1.3,3.7,8.9,2.43,cannigr01
Carlos Carrasco,CLE,AL,3,4,2.91,12,12,0,0,0,0,68.0,55,22,22,8,27,0,82,2,0,6,280,153,3.59,1.206,7.3,1.1,3.6,10.9,3.04,carraca01
Cody Carroll,BAL,AL,0,0,54.00,3,0,0,0,0,0,2.0,9,12,12,0,5,0,3,1,0,2,21,10,9.19,7.000,40.5,0.0,22.5,13.5,0.60,carroco01
Daniel Castano*,MIA,NL,1,2,3.03,7,6,0,0,0,0,29.2,30,12,10,3,11,0,12,0,0,1,126,151,4.81,1.382,9.1,0.9,3.3,3.6,1.09,castada01
Ryan Castellani,COL,NL,1,4,5.82,10,9,0,0,0,0,43.1,37,30,28,12,26,0,25,5,0,1,189,89,7.78,1.454,7.7,2.5,5.4,5.2,0.96,castery01
Humberto Castellanos,HOU,AL,0,1,6.75,8,0,4,0,0,0,10.2,12,8,8,2,5,0,12,2,0,0,51,68,5.35,1.594,10.1,1.7,4.2,10.1,2.40,castehu01
Diego Castillo,TBR,AL,3,0,1.66,22,0,5,0,0,4,21.2,12,4,4,3,11,0,23,1,0,0,89,249,4.53,1.062,5.0,1.2,4.6,9.6,2.09,castidi01
Luis Castillo,CIN,NL,4,6,3.21,12,12,0,1,0,0,70.0,62,31,25,5,24,0,89,1,0,1,292,153,2.65,1.229,8.0,0.6,3.1,11.4,3.71,castilu02
Anthony Castro,DET,AL,0,0,18.00,1,0,1,0,0,0,1.0,1,2,2,1,1,0,1,0,0,0,5,34,17.19,2.000,9.0,9.0,9.0,9.0,1.00,castran02
Miguel Castro,TOT,MLB,2,2,4.01,26,0,5,0,0,1,24.2,28,12,11,4,13,0,38,1,0,0,115,115,3.92,1.662,10.2,1.5,4.7,13.9,2.92,castrmi01
Miguel Castro,BAL,AL,1,0,4.02,16,0,4,0,0,1,15.2,17,7,7,3,5,0,24,1,0,0,70,118,3.77,1.404,9.8,1.7,2.9,13.8,4.80,castrmi01
Miguel Castro,NYM,NL,1,2,4.00,10,0,1,0,0,0,9.0,11,5,4,1,8,0,14,0,0,0,45,111,4.19,2.111,11.0,1.0,8.0,14.0,1.75,castrmi01
Dylan Cease,CHW,AL,5,4,4.01,12,12,0,0,0,0,58.1,50,30,26,12,34,1,44,5,0,1,255,111,6.36,1.440,7.7,1.9,5.2,6.8,1.29,ceasedy01
Blake Cederlind,PIT,NL,0,0,4.50,5,0,2,0,0,0,4.0,3,2,2,0,1,0,4,0,0,1,16,108,1.94,1.000,6.8,0.0,2.3,9.0,4.00,cederbl01
Luis Cessa,NYY,AL,0,0,3.32,16,0,6,0,0,1,21.2,20,10,8,2,7,0,17,0,1,1,93,130,3.79,1.246,8.3,0.8,2.9,7.1,2.43,cessalu01
Jhoulys Chacín,ATL,NL,1,0,7.20,2,0,0,0,0,0,5.0,6,4,4,1,3,0,3,0,0,0,24,69,6.39,1.800,10.8,1.8,5.4,5.4,1.00,chacijh01
Andrew Chafin*,TOT,NL,1,2,6.52,15,0,5,0,0,1,9.2,11,7,7,2,5,1,13,0,0,0,45,74,4.74,1.655,10.2,1.9,4.7,12.1,2.60,chafian01
Andrew Chafin*,ARI,NL,1,1,8.10,11,0,1,0,0,0,6.2,9,6,6,1,4,0,10,0,0,0,33,58,3.94,1.950,12.2,1.4,5.4,13.5,2.50,chafian01
Andrew Chafin*,CHC,NL,0,1,3.00,4,0,4,0,0,1,3.0,2,1,1,1,1,1,3,0,0,0,12,166,6.52,1.000,6.0,3.0,3.0,9.0,3.00,chafian01
Aroldis Chapman*,NYY,AL,1,1,3.09,13,0,8,0,0,3,11.2,6,4,4,2,4,0,22,1,1,0,45,142,2.93,0.857,4.6,1.5,3.1,17.0,5.50,chapmar01
Tyler Chatwood,CHC,NL,2,2,5.30,5,5,0,0,0,0,18.2,22,11,11,2,9,0,25,0,0,1,86,86,3.35,1.661,10.6,1.0,4.3,12.1,2.78,chatwty01
Jesse Chavez,TEX,AL,0,0,6.88,18,0,5,0,0,0,17.0,20,13,13,6,7,0,13,1,0,0,77,66,7.66,1.588,10.6,3.2,3.7,6.9,1.86,chaveje01
Yonny Chirinos,TBR,AL,0,0,2.38,3,3,0,0,0,0,11.1,14,4,3,2,4,0,10,2,0,0,52,177,5.31,1.588,11.1,1.6,3.2,7.9,2.50,chiriyo01
Adam Cimber,CLE,AL,0,1,3.97,14,0,5,0,0,0,11.1,13,5,5,1,2,0,5,0,0,0,49,115,3.99,1.324,10.3,0.8,1.6,4.0,2.50,cimbead01
Steve Cishek,CHW,AL,0,0,5.40,22,0,8,0,0,0,20.0,21,12,12,4,9,0,21,4,0,0,93,83,5.64,1.500,9.5,1.8,4.1,9.5,2.33,cishest01
José Cisnero,DET,AL,3,3,3.03,29,0,2,0,0,0,29.2,23,10,10,1,10,0,34,3,0,0,123,150,2.65,1.112,7.0,0.3,3.0,10.3,3.40,cisnejo01
Aaron Civale,CLE,AL,4,6,4.74,12,12,0,1,0,0,74.0,82,39,39,11,16,0,69,3,1,0,312,94,4.03,1.324,10.0,1.3,1.9,8.4,4.31,civalaa01
Taylor Clarke,ARI,NL,3,0,4.36,12,5,2,0,0,0,43.1,35,23,21,8,21,2,40,0,0,0,183,104,5.20,1.292,7.3,1.7,4.4,8.3,1.90,clarkta01
Alex Claudio*,MIL,NL,0,0,4.26,20,0,7,0,0,1,19.0,18,10,9,2,6,0,15,1,0,2,81,108,4.09,1.263,8.5,0.9,2.8,7.1,2.50,claudal01
Garrett Cleavinger*,PHI,NL,0,0,13.50,1,0,1,0,0,0,0.2,2,1,1,1,0,0,1,0,0,0,4,50,19.69,3.000,27.0,13.5,0.0,13.5,,cleavga01
Mike Clevinger,TOT,MLB,3,2,3.02,8,8,0,1,1,0,41.2,34,14,14,6,14,0,40,0,0,2,162,145,4.15,1.152,7.3,1.3,3.0,8.6,2.86,clevimi01
Mike Clevinger,CLE,AL,1,1,3.18,4,4,0,0,0,0,22.2,20,8,8,5,11,0,21,0,0,0,93,141,5.66,1.368,7.9,2.0,4.4,8.3,1.91,clevimi01
Mike Clevinger,SDP,NL,2,1,2.84,4,4,0,1,1,0,19.0,14,6,6,1,3,0,19,0,0,2,69,149,2.35,0.895,6.6,0.5,1.4,9.0,6.33,clevimi01
Tyler Clippard,MIN,AL,2,1,2.77,26,2,1,0,0,0,26.0,19,9,8,2,4,0,26,0,0,2,98,157,2.65,0.885,6.6,0.7,1.4,9.0,6.50,clippty01
Alex Cobb,BAL,AL,2,5,4.30,10,10,0,0,0,0,52.1,52,27,25,8,18,0,38,2,0,1,226,109,4.87,1.338,8.9,1.4,3.1,6.5,2.11,cobbal01
Kyle Cody,TEX,AL,1,1,1.59,8,5,3,0,0,0,22.2,15,5,4,1,13,0,18,0,0,3,92,286,3.90,1.235,6.0,0.4,5.2,7.1,1.38,codyky01
A.J. Cole,TOR,AL,3,0,3.09,24,0,7,0,0,1,23.1,19,9,8,3,9,2,20,0,0,3,95,144,4.31,1.200,7.3,1.2,3.5,7.7,2.22,coleaj01
Gerrit Cole,NYY,AL,7,3,2.84,12,12,0,2,1,0,73.0,53,27,23,14,17,0,94,2,0,2,288,151,3.89,0.959,6.5,1.7,2.1,11.6,5.53,colege01
Edwar Colina,MIN,AL,0,0,81.00,1,0,0,0,0,0,0.1,4,3,3,1,2,0,0,0,0,0,7,11,60.19,18.000,108.0,27.0,54.0,0.0,0.00,colined01
Alex Colomé,CHW,AL,2,0,0.81,21,0,18,0,0,12,22.1,13,3,2,0,8,0,16,1,0,0,90,558,2.97,0.940,5.2,0.0,3.2,6.4,2.00,colomal01
Sam Coonrod,SFG,NL,0,2,9.82,18,0,5,0,0,3,14.2,17,16,16,2,7,0,15,2,0,1,71,44,4.76,1.636,10.4,1.2,4.3,9.2,2.14,coonrsa01
Patrick Corbin*,WSN,NL,2,7,4.66,11,11,0,0,0,0,65.2,85,35,34,10,18,1,60,0,1,1,295,96,4.17,1.569,11.6,1.4,2.5,8.2,3.33,corbipa01
Jimmy Cordero,CHW,AL,1,2,6.08,30,0,4,0,0,0,26.2,33,21,18,2,9,2,22,3,0,3,124,74,3.87,1.575,11.1,0.7,3.0,7.4,2.44,cordeji01
Nestor Cortes*,SEA,AL,0,1,15.26,5,1,2,0,0,0,7.2,12,14,13,6,6,0,8,2,0,0,44,29,14.41,2.348,14.1,7.0,7.0,9.4,1.33,cortene01
Danny Coulombe*,MIN,AL,0,0,0.00,2,0,2,0,0,0,2.2,2,0,0,0,3,0,3,0,0,0,13,,4.32,1.875,6.8,0.0,10.1,10.1,1.00,couloda01
Dylan Covey,BOS,AL,0,0,7.07,8,0,2,0,0,0,14.0,18,11,11,2,2,0,11,0,0,1,60,69,3.91,1.429,11.6,1.3,1.3,7.1,5.50,coveydy01
Stefan Crichton,ARI,NL,2,2,2.42,26,0,8,0,0,5,26.0,22,7,7,1,9,4,23,4,0,2,109,187,3.42,1.192,7.6,0.3,3.1,8.0,2.56,crichst01
Kyle Crick,PIT,NL,0,1,1.59,7,0,2,0,0,0,5.2,7,6,1,0,4,0,7,0,0,0,29,299,2.84,1.941,11.1,0.0,6.4,11.1,1.75,crickky01
Nabil Crismatt,STL,NL,0,0,3.24,6,0,6,0,0,0,8.1,6,3,3,2,1,1,8,0,0,0,31,134,4.75,0.840,6.5,2.2,1.1,8.6,8.00,crismna01
Garrett Crochet*,CHW,AL,0,0,0.00,5,0,1,0,0,0,6.0,3,0,0,0,0,0,8,1,0,0,22,,1.02,0.500,4.5,0.0,0.0,12.0,,crochga01
Wil Crowe,WSN,NL,0,2,11.88,3,3,0,0,0,0,8.1,14,13,11,5,8,0,8,1,0,0,46,39,12.31,2.640,15.1,5.4,8.6,8.6,1.00,crowewi01
Jesus Cruz,STL,NL,0,0,18.00,1,0,0,0,0,0,1.0,3,2,2,0,1,0,2,0,0,0,7,32,2.19,4.000,27.0,0.0,9.0,18.0,2.00,cruzje01
Johnny Cueto,SFG,NL,2,3,5.40,12,12,0,0,0,0,63.1,61,41,38,9,26,0,56,3,2,1,277,79,4.64,1.374,8.7,1.3,3.7,8.0,2.15,cuetojo01
Charlie Culberson,ATL,NL,0,0,0.00,1,0,1,0,0,0,0.1,0,0,0,0,0,0,0,0,0,0,1,,3.19,0.000,0.0,0.0,0.0,0.0,,culbech01
John Curtiss,TBR,AL,3,0,1.80,17,3,7,0,0,2,25.0,21,7,5,3,3,0,25,2,0,0,99,230,3.35,0.960,7.6,1.1,1.1,9.0,8.33,curtijo02
Yu Darvish,CHC,NL,8,3,2.01,12,12,0,0,0,0,76.0,59,18,17,5,14,1,93,2,0,3,297,224,2.23,0.961,7.0,0.6,1.7,11.0,6.64,darviyu01
Matt Davidson,CIN,NL,0,0,5.40,3,0,3,0,0,0,3.1,4,2,2,1,2,0,1,0,0,0,15,99,8.29,1.800,10.8,2.7,5.4,2.7,0.50,davidma02
Tucker Davidson*,ATL,NL,0,1,10.80,1,1,0,0,0,0,1.2,3,7,2,1,4,0,2,0,0,0,13,52,15.79,4.200,16.2,5.4,21.6,10.8,0.50,davidtu01
Zach Davies,SDP,NL,7,4,2.73,12,12,0,0,0,0,69.1,55,26,21,9,19,0,63,0,0,2,276,154,3.88,1.067,7.1,1.2,2.5,8.2,3.32,davieza02
Austin Davis*,TOT,NL,0,0,10.80,9,0,3,0,0,0,6.2,11,8,8,1,2,0,5,0,0,0,32,46,4.54,1.950,14.9,1.4,2.7,6.8,2.50,davisau01
Austin Davis*,PHI,NL,0,0,21.00,4,0,1,0,0,0,3.0,10,7,7,1,1,0,2,0,0,0,20,24,7.19,3.667,30.0,3.0,3.0,6.0,2.00,davisau01
Austin Davis*,PIT,NL,0,0,2.45,5,0,2,0,0,0,3.2,1,1,1,0,1,0,3,0,0,0,12,200,2.37,0.545,2.5,0.0,2.5,7.4,3.00,davisau01
Wade Davis,COL,NL,0,1,20.77,5,0,2,0,0,2,4.1,9,10,10,3,3,1,3,0,0,2,25,27,12.88,2.769,18.7,6.2,6.2,6.2,1.00,daviswa01
Grant Dayton*,ATL,NL,2,1,2.30,18,0,5,0,0,0,27.1,22,9,7,4,11,1,32,1,0,0,117,205,4.07,1.207,7.2,1.3,3.6,10.5,2.91,daytogr01
Chase De Jong,HOU,AL,0,1,14.73,3,2,0,0,0,0,7.1,12,12,12,2,4,0,9,1,0,0,38,31,6.33,2.182,14.7,2.5,4.9,11.0,2.25,dejonch01
José De León,CIN,NL,0,0,18.00,5,0,2,0,0,0,6.0,6,12,12,1,11,2,10,0,0,0,35,29,7.52,2.833,9.0,1.5,16.5,15.0,0.91,deleojo03
Jacob deGrom,NYM,NL,4,2,2.38,12,12,0,0,0,0,68.0,47,21,18,7,18,0,104,0,0,4,268,180,2.26,0.956,6.2,0.9,2.4,13.8,5.78,degroja01
Miguel Del Pozo*,PIT,NL,0,0,17.18,5,0,1,0,0,0,3.2,7,7,7,0,8,1,2,0,0,1,25,29,8.65,4.091,17.2,0.0,19.6,4.9,0.25,delpomi01
Travis Demeritte,DET,AL,0,0,36.00,1,0,1,0,0,0,1.0,4,4,4,2,0,0,0,0,0,0,7,17,29.19,4.000,36.0,18.0,0.0,0.0,,demertr01
Matt Dermody*,CHC,NL,0,0,0.00,1,0,1,0,0,0,1.0,0,0,0,0,0,0,1,0,0,0,3,,1.19,0.000,0.0,0.0,0.0,9.0,,dermoma01
Anthony DeSclafani,CIN,NL,1,2,7.22,9,7,1,0,0,0,33.2,41,27,27,7,16,0,25,3,0,1,158,68,6.10,1.693,11.0,1.9,4.3,6.7,1.56,desclan01
Ross Detwiler*,CHW,AL,1,1,3.20,16,0,4,0,0,0,19.2,19,8,7,2,5,1,15,1,0,1,81,141,3.90,1.220,8.7,0.9,2.3,6.9,3.00,detwiro01
Chris Devenski,HOU,AL,0,1,14.73,4,0,0,0,0,0,3.2,7,6,6,1,3,0,5,0,0,0,21,33,6.46,2.727,17.2,2.5,7.4,12.3,1.67,devench02
Edwin Díaz,NYM,NL,2,1,1.75,26,0,19,0,0,6,25.2,18,6,5,2,14,0,50,2,0,1,110,246,2.18,1.247,6.3,0.7,4.9,17.5,3.57,diazed04
Jairo Díaz,COL,NL,1,2,7.65,24,0,12,0,0,4,20.0,31,21,17,4,14,1,17,3,0,2,106,68,6.64,2.250,14.0,1.8,6.3,7.7,1.21,diazja01
Phillip Diehl*,COL,NL,0,0,10.50,6,0,2,0,0,0,6.0,7,7,7,2,1,0,4,0,0,0,25,52,6.69,1.333,10.5,3.0,1.5,6.0,4.00,diehlph01
Jake Diekman*,OAK,AL,2,0,0.42,21,0,2,0,0,0,21.1,8,2,1,1,12,1,31,1,0,0,84,1003,2.72,0.938,3.4,0.4,5.1,13.1,2.58,diekmja01
Randy Dobnak,MIN,AL,6,4,4.05,10,10,0,0,0,0,46.2,50,21,21,3,13,0,27,4,0,0,200,107,3.96,1.350,9.6,0.6,2.5,5.2,2.08,dobnara01
Rafael Dolis,TOR,AL,2,2,1.50,24,0,9,0,0,5,24.0,16,9,4,1,14,0,31,1,0,3,100,296,3.02,1.250,6.0,0.4,5.3,11.6,2.21,dolisra01
Sean Doolittle*,WSN,NL,0,2,5.87,11,0,3,0,0,0,7.2,9,6,5,3,4,2,6,0,0,0,36,79,8.28,1.696,10.6,3.5,4.7,7.0,1.50,doolise01
Tommy Doyle,COL,NL,0,0,23.14,3,0,2,0,0,0,2.1,6,6,6,0,4,0,2,0,0,0,17,25,6.62,4.286,23.1,0.0,15.4,7.7,0.50,doyleto01
Oliver Drake,TBR,AL,0,2,5.73,11,0,4,0,0,2,11.0,7,8,7,2,6,1,7,0,0,1,45,74,5.92,1.182,5.7,1.6,4.9,5.7,1.17,drakeol01
Tyler Duffey,MIN,AL,1,1,1.88,22,0,1,0,0,0,24.0,13,6,5,2,6,0,31,1,0,0,92,232,2.57,0.792,4.9,0.8,2.3,11.6,5.17,duffety01
Danny Duffy*,KCR,AL,4,4,4.95,12,11,0,0,0,0,56.1,53,33,31,10,22,0,57,2,0,3,242,94,4.75,1.331,8.5,1.6,3.5,9.1,2.59,duffyda01
Robert Dugger,MIA,NL,0,0,12.66,4,1,2,0,0,0,10.2,21,16,15,5,3,0,4,0,0,1,56,37,9.38,2.250,17.7,4.2,2.5,3.4,1.33,duggero01
Justin Dunn,SEA,AL,4,1,4.34,10,10,0,0,0,0,45.2,31,23,22,10,31,1,38,2,0,0,198,99,6.54,1.358,6.1,2.0,6.1,7.5,1.23,dunnju01
Dane Dunning,CHW,AL,2,0,3.97,7,7,0,0,0,0,34.0,25,17,15,4,13,0,35,2,0,5,142,113,3.99,1.118,6.6,1.1,3.4,9.3,2.69,dunnida01
Carl Edwards Jr.,SEA,AL,0,0,1.93,5,0,1,0,0,1,4.2,2,1,1,0,1,0,6,0,0,0,17,237,1.26,0.643,3.9,0.0,1.9,11.6,6.00,edwarca01
Zach Eflin,PHI,NL,4,2,3.97,11,10,0,1,1,0,59.0,60,28,26,8,15,0,70,1,0,1,245,114,3.39,1.271,9.2,1.2,2.3,10.7,4.67,eflinza01
Brett Eibner,MIA,NL,0,0,13.50,3,0,2,0,0,0,3.1,7,7,5,2,4,1,4,0,0,1,21,37,12.19,3.300,18.9,5.4,10.8,10.8,1.00,eibnebr01
Seth Elledge,STL,NL,1,0,4.63,12,0,5,0,0,0,11.2,11,6,6,2,8,0,14,1,0,2,52,93,5.33,1.629,8.5,1.5,6.2,10.8,1.75,elledse01
Nathan Eovaldi,BOS,AL,4,2,3.72,9,9,0,0,0,0,48.1,51,20,20,8,7,0,52,4,0,2,199,129,3.87,1.200,9.5,1.5,1.3,9.7,7.43,eovalna01
Robbie Erlin*,TOT,NL,0,0,8.10,9,5,1,0,0,0,26.2,33,24,24,8,7,1,25,2,0,1,122,59,6.23,1.500,11.1,2.7,2.4,8.4,3.57,erlinro01
Robbie Erlin*,PIT,NL,0,0,5.40,2,0,1,0,0,0,3.1,5,2,2,0,1,1,4,1,0,0,17,92,2.59,1.800,13.5,0.0,2.7,10.8,4.00,erlinro01
Robbie Erlin*,ATL,NL,0,0,8.49,7,5,0,0,0,0,23.1,28,22,22,8,6,0,21,1,0,1,105,56,6.75,1.457,10.8,3.1,2.3,8.1,3.50,erlinro01
Thomas Eshelman,BAL,AL,3,1,3.89,12,4,3,0,0,0,34.2,34,17,15,7,9,0,16,1,0,1,143,120,5.76,1.240,8.8,1.8,2.3,4.2,1.78,eshelto01
Santiago Espinal,TOR,AL,0,0,9.00,2,0,2,0,0,0,2.0,3,2,2,1,1,0,0,1,0,0,11,57,12.69,2.000,13.5,4.5,4.5,0.0,0.00,espinsa01
Paolo Espino,WSN,NL,0,0,4.50,2,1,1,0,0,0,6.0,8,3,3,1,2,0,7,0,0,0,27,104,4.02,1.667,12.0,1.5,3.0,10.5,3.50,espinpa01
Carlos Estévez,COL,NL,1,3,7.50,26,0,6,0,0,1,24.0,33,21,20,6,9,0,27,3,0,2,116,70,5.69,1.750,12.4,2.3,3.4,10.1,3.00,estevca01
Demarcus Evans,TEX,AL,0,0,2.25,4,0,0,0,0,0,4.0,3,1,1,1,0,0,4,1,0,0,14,216,5.19,0.750,6.8,2.3,0.0,9.0,,evansde01
Pete Fairbanks,TBR,AL,6,3,2.70,27,2,2,0,0,0,26.2,23,9,8,2,14,0,39,2,0,6,117,153,3.04,1.388,7.8,0.7,4.7,13.2,2.79,fairbpe01
Jeurys Familia,NYM,NL,2,0,3.71,25,0,4,0,0,0,26.2,20,11,11,2,19,2,23,3,0,1,120,116,4.92,1.463,6.8,0.7,6.4,7.8,1.21,familje01
Buck Farmer,DET,AL,1,0,3.80,23,0,9,0,0,0,21.1,20,9,9,3,5,0,14,0,0,1,89,121,4.41,1.172,8.4,1.3,2.1,5.9,2.80,farmebu01
Luke Farrell,TEX,AL,0,0,8.44,4,0,1,0,0,0,5.1,5,5,5,1,5,0,8,1,0,2,27,56,6.00,1.875,8.4,1.7,8.4,13.5,1.60,farrelu01
Erick Fedde,WSN,NL,2,4,4.29,11,8,1,0,0,0,50.1,47,25,24,10,22,2,28,3,0,2,222,104,6.15,1.371,8.4,1.8,3.9,5.0,1.27,feddeer01
Michael Feliz,PIT,NL,0,0,32.40,3,0,0,0,0,0,1.2,4,6,6,1,2,0,2,1,0,0,12,17,13.99,3.600,21.6,5.4,10.8,10.8,1.00,felizmi01
Caleb Ferguson*,LAD,NL,2,1,2.89,21,1,0,0,0,0,18.2,16,7,6,4,3,0,27,0,0,0,75,153,3.57,1.018,7.7,1.9,1.4,13.0,9.00,ferguca01
Junior Fernández,STL,NL,0,0,18.00,3,0,2,0,0,0,3.0,6,6,6,1,2,0,2,0,0,0,16,26,8.19,2.667,18.0,3.0,6.0,6.0,1.00,fernaju01
J.P. Feyereisen,MIL,NL,0,0,5.79,6,0,4,0,0,0,9.1,4,6,6,3,5,0,7,1,0,0,37,81,7.80,0.964,3.9,2.9,4.8,6.8,1.40,feyerjo01
Mike Fiers,OAK,AL,6,3,4.58,11,11,0,0,0,0,59.0,65,31,30,9,16,0,37,4,0,1,257,91,4.94,1.373,9.9,1.4,2.4,5.6,2.31,fiersmi01
Kyle Finnegan,WSN,NL,1,0,2.92,25,0,4,0,0,0,24.2,21,10,8,2,13,4,27,1,0,2,107,154,3.76,1.378,7.7,0.7,4.7,9.9,2.08,finneky01
Jack Flaherty,STL,NL,4,3,4.91,9,9,0,0,0,0,40.1,33,22,22,6,16,0,49,3,0,1,170,86,4.11,1.215,7.4,1.3,3.6,10.9,3.06,flaheja01
Josh Fleming*,TBR,AL,5,0,2.78,7,5,0,0,0,0,32.1,28,10,10,5,7,0,25,1,0,0,130,148,4.40,1.082,7.8,1.4,1.9,7.0,3.57,flemijo01
Aaron Fletcher*,SEA,AL,0,0,12.46,6,0,0,0,0,0,4.1,7,6,6,1,7,0,7,2,0,0,29,37,9.19,3.231,14.5,2.1,14.5,14.5,1.00,fletcaa01
Bernardo Flores Jr.*,CHW,AL,0,0,9.00,2,0,1,0,0,0,2.0,4,2,2,0,0,0,2,0,0,0,10,58,1.19,2.000,18.0,0.0,0.0,9.0,,florebe01
Dylan Floro,LAD,NL,3,0,2.59,25,0,4,0,0,0,24.1,23,7,7,1,4,1,19,0,0,1,98,170,2.66,1.110,8.5,0.4,1.5,7.0,4.75,florody01
Mike Foltynewicz,ATL,NL,0,1,16.20,1,1,0,0,0,0,3.1,4,6,6,3,4,0,3,0,0,0,16,32,16.69,2.400,10.8,8.1,10.8,8.1,0.75,foltymi01
Wilmer Font,TOR,AL,1,3,9.92,21,0,5,0,0,0,16.1,28,19,18,2,9,0,15,1,0,1,85,45,4.78,2.265,15.4,1.1,5.0,8.3,1.67,fontwi01
Logan Forsythe,MIA,NL,0,0,9.00,1,0,1,0,0,0,1.0,2,1,1,0,1,0,0,0,0,1,6,67,6.19,3.000,18.0,0.0,9.0,0.0,0.00,forsylo01
Matt Foster,CHW,AL,6,1,2.20,23,2,4,0,0,0,28.2,16,8,7,2,9,0,31,0,0,0,109,204,2.88,0.872,5.0,0.6,2.8,9.7,3.44,fostema01
Seth Frankoff,SEA,AL,0,0,16.88,2,0,1,0,0,0,2.2,6,5,5,0,2,0,0,0,0,0,16,29,5.44,3.000,20.3,0.0,6.8,0.0,0.00,frankse01
Todd Frazier,NYM,NL,0,0,0.00,1,0,1,0,0,0,1.0,0,0,0,0,0,0,1,0,0,0,3,,1.19,0.000,0.0,0.0,0.0,9.0,,frazito01
Kyle Freeland*,COL,NL,2,3,4.33,13,13,0,0,0,0,70.2,77,34,34,9,23,0,46,3,0,0,304,120,4.65,1.415,9.8,1.1,2.9,5.9,2.00,freelky01
Sam Freeman*,WSN,NL,0,0,1.80,7,0,1,0,0,0,5.0,2,1,1,0,7,1,6,0,0,0,25,264,4.99,1.800,3.6,0.0,12.6,10.8,0.86,freemsa01
Max Fried*,ATL,NL,7,0,2.25,11,11,0,0,0,0,56.0,42,14,14,2,19,0,50,4,1,1,224,208,3.10,1.089,6.8,0.3,3.1,8.0,2.63,friedma01
Jace Fry*,CHW,AL,0,1,3.66,18,0,4,0,0,0,19.2,16,9,8,3,12,2,24,0,0,1,83,123,4.56,1.424,7.3,1.4,5.5,11.0,2.00,fryja01
Paul Fry*,BAL,AL,1,0,2.45,22,0,4,0,0,0,22.0,22,7,6,3,9,0,29,1,0,3,98,192,3.69,1.409,9.0,1.2,3.7,11.9,3.22,frypa01
Carson Fulmer,TOT,AL,0,0,4.35,10,0,3,0,0,0,10.1,8,5,5,1,5,0,11,2,0,3,46,112,4.35,1.258,7.0,0.9,4.4,9.6,2.20,fulmeca01
Carson Fulmer,DET,AL,0,0,6.75,7,0,1,0,0,0,6.2,8,5,5,1,3,0,7,1,0,1,32,70,4.84,1.650,10.8,1.4,4.1,9.5,2.33,fulmeca01
Carson Fulmer,BAL,AL,0,0,0.00,3,0,2,0,0,0,3.2,0,0,0,0,2,0,4,1,0,2,14,,3.46,0.545,0.0,0.0,4.9,9.8,2.00,fulmeca01
Michael Fulmer,DET,AL,0,2,8.78,10,10,0,0,0,0,27.2,45,27,27,8,12,0,20,1,0,0,136,52,6.91,2.060,14.6,2.6,3.9,6.5,1.67,fulmemi01
Kyle Funkhouser,DET,AL,1,1,7.27,13,0,4,0,0,0,17.1,22,14,14,3,11,0,12,0,0,1,81,63,5.96,1.904,11.4,1.6,5.7,6.2,1.09,funkhky01
Giovanny Gallegos,STL,NL,2,2,3.60,16,0,7,0,0,4,15.0,9,6,6,1,4,0,21,0,0,1,57,119,2.06,0.867,5.4,0.6,2.4,12.6,5.25,gallegi01
Zac Gallen,ARI,NL,3,2,2.75,12,12,0,0,0,0,72.0,55,24,22,9,25,0,82,2,0,4,291,164,3.66,1.111,6.9,1.1,3.1,10.3,3.28,galleza01
John Gant,STL,NL,0,3,2.40,17,0,2,0,0,0,15.0,9,6,4,0,7,0,18,0,0,1,61,178,2.19,1.067,5.4,0.0,4.2,10.8,2.57,gantjo01
Bryan Garcia,DET,AL,2,1,1.66,26,0,12,0,0,4,21.2,18,6,4,0,10,0,12,1,0,1,93,276,3.61,1.292,7.5,0.0,4.2,5.0,1.20,garcibr01
Deivi García,NYY,AL,3,2,4.98,6,6,0,0,0,0,34.1,35,20,19,6,6,0,33,1,0,0,146,86,4.15,1.194,9.2,1.6,1.6,8.7,5.50,garcide01
Edgar García,TBR,AL,0,0,10.80,4,0,1,0,0,1,3.1,3,4,4,2,4,0,1,0,0,0,16,42,13.99,2.100,8.1,5.4,10.8,2.7,0.25,garcied01
Jarlín García*,SFG,NL,2,1,0.49,19,0,5,0,0,0,18.1,11,6,1,0,7,1,14,2,1,0,73,884,3.14,0.982,5.4,0.0,3.4,6.9,2.00,garcija04
Luis García,TEX,AL,0,2,7.56,11,2,3,0,0,0,8.1,10,9,7,1,9,1,11,0,0,2,45,62,5.35,2.280,10.8,1.1,9.7,11.9,1.22,garcilu03
Luis Garcia,HOU,AL,0,1,2.92,5,1,1,0,0,0,12.1,7,4,4,1,5,0,9,1,0,1,49,156,4.25,0.973,5.1,0.7,3.6,6.6,1.80,garcilu05
Rico Garcia,SFG,NL,1,1,5.40,12,0,2,0,0,0,10.0,13,6,6,1,4,0,7,0,0,2,44,82,4.29,1.700,11.7,0.9,3.6,6.3,1.75,garciri01
Rony García,DET,AL,1,0,8.14,15,2,7,0,0,0,21.0,25,20,19,7,9,0,14,0,0,1,96,56,7.48,1.619,10.7,3.0,3.9,6.0,1.56,garciro03
Yimi Garcia,MIA,NL,3,0,0.60,14,0,4,0,0,1,15.0,9,1,1,0,5,0,19,0,1,0,60,771,1.66,0.933,5.4,0.0,3.0,11.4,3.80,garciyi01
Amir Garrett*,CIN,NL,1,0,2.45,21,0,1,0,0,1,18.1,10,5,5,4,7,0,26,0,0,0,69,202,4.34,0.927,4.9,2.0,3.4,12.8,3.71,garream01
Braxton Garrett*,MIA,NL,1,1,5.87,2,2,0,0,0,0,7.2,8,6,5,3,5,0,8,0,0,1,34,81,8.15,1.696,9.4,3.5,5.9,9.4,1.60,garrebr01
Kevin Gausman,SFG,NL,3,3,3.62,12,10,1,0,0,0,59.2,50,26,24,8,16,0,79,0,1,4,245,118,3.09,1.106,7.5,1.2,2.4,11.9,4.94,gausmke01
Sam Gaviglio,TOR,AL,0,1,9.00,4,0,1,0,0,0,3.0,3,3,3,0,5,0,1,0,1,0,17,54,7.52,2.667,9.0,0.0,15.0,3.0,0.20,gavigsa01
Cory Gearrin,MIN,AL,0,0,0.00,1,0,1,0,0,0,2.0,0,0,0,0,2,0,1,0,0,0,7,,5.19,1.000,0.0,0.0,9.0,4.5,0.50,gearrco01
Joey Gerber,SEA,AL,1,1,4.02,17,0,3,0,0,0,15.2,13,8,7,1,5,0,6,1,0,1,62,108,4.40,1.149,7.5,0.6,2.9,3.4,1.20,gerbejo01
Ian Gibaut,TEX,AL,0,1,6.57,14,0,0,0,0,0,12.1,11,10,9,2,9,0,14,1,1,2,59,70,5.46,1.622,8.0,1.5,6.6,10.2,1.56,gibauia01
Kyle Gibson,TEX,AL,2,6,5.35,12,12,0,1,1,0,67.1,73,44,40,12,30,1,58,6,0,1,301,84,5.39,1.530,9.8,1.6,4.0,7.8,1.93,gibsoky01
Ken Giles,TOR,AL,0,0,9.82,4,0,1,0,0,1,3.2,4,4,4,2,4,0,6,0,0,0,19,49,10.28,2.182,9.8,4.9,9.8,14.7,1.50,gileske01
Sean Gilmartin*,TBR,AL,0,0,8.31,2,0,0,0,0,0,4.1,7,4,4,2,4,0,5,0,0,0,24,53,9.65,2.538,14.5,4.2,8.3,10.4,1.25,gilmase01
Kevin Ginkel,ARI,NL,0,2,6.75,19,0,2,0,0,1,16.0,21,13,12,3,13,2,18,0,0,4,79,68,5.82,2.125,11.8,1.7,7.3,10.1,1.38,ginkeke01
Lucas Giolito,CHW,AL,4,3,3.48,12,12,0,1,1,0,72.1,47,31,28,8,28,0,97,2,0,3,288,128,3.19,1.037,5.8,1.0,3.5,12.1,3.46,giolilu01
Mychal Givens,TOT,MLB,1,1,3.63,22,0,5,0,0,1,22.1,16,10,9,5,10,0,25,2,0,2,93,138,5.47,1.164,6.4,2.0,4.0,10.1,2.50,givenmy01
Mychal Givens,BAL,AL,0,1,1.38,12,0,3,0,0,0,13.0,7,2,2,1,6,0,19,0,0,0,51,344,2.65,1.000,4.8,0.7,4.2,13.2,3.17,givenmy01
Mychal Givens,COL,NL,1,0,6.75,10,0,2,0,0,1,9.1,9,8,7,4,4,0,6,2,0,2,42,79,9.41,1.393,8.7,3.9,3.9,5.8,1.50,givenmy01
Tyler Glasnow,TBR,AL,5,1,4.08,11,11,0,0,0,0,57.1,43,26,26,11,22,0,91,0,0,7,238,100,3.66,1.134,6.8,1.7,3.5,14.3,4.14,glasnty01
Zack Godley,BOS,AL,0,4,8.16,8,7,0,0,0,0,28.2,42,26,26,9,14,0,28,3,0,3,143,59,7.10,1.953,13.2,2.8,4.4,8.8,2.00,godleza01
Austin Gomber*,STL,NL,1,1,1.86,14,4,2,0,0,0,29.0,19,6,6,1,15,0,27,2,0,1,119,227,3.54,1.172,5.9,0.3,4.7,8.4,1.80,gombeau01
Tony Gonsolin,LAD,NL,2,2,2.31,9,8,1,0,0,0,46.2,32,13,12,2,7,0,46,1,0,3,176,189,2.29,0.836,6.2,0.4,1.4,8.9,6.57,gonsoto01
Marco Gonzales*,SEA,AL,7,2,3.10,11,11,0,1,0,0,69.2,59,27,24,8,7,0,64,4,0,0,277,138,3.32,0.947,7.6,1.0,0.9,8.3,9.14,gonzama02
Chi Chi González,COL,NL,0,2,6.86,6,4,0,0,0,0,19.2,22,16,15,3,10,0,16,3,0,2,91,76,5.53,1.627,10.1,1.4,4.6,7.3,1.60,gonzach01
Gio Gonzalez*,CHW,AL,1,2,4.83,12,4,1,0,0,0,31.2,40,19,17,6,19,0,34,2,0,2,153,93,5.50,1.863,11.4,1.7,5.4,9.7,1.79,gonzagi01
Victor González*,LAD,NL,3,0,1.33,15,1,1,0,0,0,20.1,13,3,3,0,2,0,23,3,0,2,80,333,1.67,0.738,5.8,0.0,0.9,10.2,11.50,gonzavi02
Nick Goody,TEX,AL,0,2,9.00,17,1,3,0,0,1,11.0,14,12,11,3,8,0,13,0,0,1,55,51,6.55,2.000,11.5,2.5,6.5,10.6,1.63,goodyni01
Trevor Gott,SFG,NL,1,2,10.03,15,0,5,0,0,4,11.2,13,13,13,7,8,0,8,1,0,0,57,44,11.93,1.800,10.0,5.4,6.2,6.2,1.00,gotttr01
Ashton Goudeau,COL,NL,0,0,7.56,4,0,2,0,0,0,8.1,15,7,7,3,2,0,2,1,0,1,39,71,8.47,2.040,16.2,3.2,2.2,2.2,1.00,goudeas01
Matt Grace*,ARI,NL,0,1,54.00,3,0,1,0,0,0,1.0,5,6,6,1,2,0,2,0,0,0,10,11,18.19,7.000,45.0,9.0,18.0,18.0,1.00,gracema02
Brusdar Graterol,LAD,NL,1,2,3.09,23,2,1,0,0,0,23.1,18,9,8,1,3,0,13,3,0,0,88,143,3.41,0.900,6.9,0.4,1.2,5.0,4.33,gratebr01
Kendall Graveman,SEA,AL,1,3,5.79,11,2,1,0,0,0,18.2,15,13,12,2,8,0,15,0,0,0,77,75,4.26,1.232,7.2,1.0,3.9,7.2,1.88,graveke01
Jon Gray,COL,NL,2,4,6.69,8,8,0,0,0,0,39.0,45,31,29,6,11,0,22,2,1,2,174,78,5.06,1.436,10.4,1.4,2.5,5.1,2.00,grayjo02
Sonny Gray,CIN,NL,5,3,3.70,11,11,0,0,0,0,56.0,42,26,23,4,26,0,72,2,1,7,235,133,3.05,1.214,6.8,0.6,4.2,11.6,2.77,grayso01
Chad Green,NYY,AL,3,3,3.51,22,0,5,0,0,1,25.2,13,13,10,5,8,2,32,0,0,3,100,123,4.17,0.818,4.6,1.8,2.8,11.2,4.00,greench03
Shane Greene,ATL,NL,1,0,2.60,28,0,6,0,0,0,27.2,22,9,8,2,9,1,21,2,0,0,109,181,3.81,1.120,7.2,0.7,2.9,6.8,2.33,greensh02
Zack Greinke,HOU,AL,3,3,4.03,12,12,0,0,0,0,67.0,67,30,30,6,9,0,67,1,0,3,273,110,2.80,1.134,9.0,0.8,1.2,9.0,7.44,greinza01
Foster Griffin*,KCR,AL,1,0,0.00,1,0,0,0,0,0,1.2,0,0,0,0,0,0,1,0,0,0,6,,1.99,0.000,0.0,0.0,0.0,5.4,,grifffo01
Justin Grimm,MIL,NL,0,0,17.36,4,0,2,0,0,0,4.2,9,9,9,4,4,0,6,0,0,0,27,28,14.33,2.786,17.4,7.7,7.7,11.6,1.50,grimmju01
Zac Grotz,SEA,AL,0,0,14.73,5,0,1,0,0,0,7.1,11,12,12,4,11,0,4,4,0,1,46,30,15.33,3.000,13.5,4.9,13.5,4.9,0.36,grotzza01
Robert Gsellman,NYM,NL,0,0,9.64,6,4,0,0,0,0,14.0,22,15,15,4,8,0,9,1,0,2,71,45,7.55,2.143,14.1,2.6,5.1,5.8,1.13,gsellro01
Deolis Guerra,PHI,NL,1,3,8.59,9,0,5,0,0,0,7.1,10,9,7,3,2,0,8,2,0,0,36,55,7.96,1.636,12.3,3.7,2.5,9.8,4.00,guerrde01
Javy Guerra,WSN,NL,0,0,4.02,14,0,2,0,0,0,15.2,19,7,7,2,7,0,13,0,0,0,70,113,4.53,1.660,10.9,1.1,4.0,7.5,1.86,guerrja01
Javy Guerra,SDP,NL,1,0,10.13,14,0,5,0,0,0,13.1,25,16,15,1,5,0,12,1,0,2,67,42,3.72,2.250,16.9,0.7,3.4,8.1,2.40,guerrja02
Junior Guerra,ARI,NL,1,2,3.04,25,0,5,0,0,0,23.2,17,10,8,1,15,2,21,2,0,2,103,149,4.12,1.352,6.5,0.4,5.7,8.0,1.40,guerrju02
Taylor Guilbeau*,SEA,AL,0,0,1.17,8,0,3,0,0,0,7.2,8,1,1,0,6,0,3,0,0,1,36,379,4.76,1.826,9.4,0.0,7.0,3.5,0.50,guilbta01
Luis Guillorme,NYM,NL,0,0,0.00,1,0,1,0,0,0,1.0,0,0,0,0,0,0,0,0,0,0,3,,3.19,0.000,0.0,0.0,0.0,0.0,,guilllu01
Jorge Guzman,MIA,NL,0,0,18.00,1,0,0,0,0,0,1.0,2,2,2,2,1,0,0,1,0,0,7,34,35.19,3.000,18.0,18.0,9.0,0.0,0.00,guzmajo04
Jedd Gyorko,MIL,NL,0,0,0.00,1,0,1,0,0,0,1.0,1,0,0,0,0,0,0,0,0,0,4,,3.19,1.000,9.0,0.0,0.0,0.0,,gyorkje01
Josh Hader*,MIL,NL,1,2,3.79,21,0,17,0,0,13,19.0,8,8,8,3,10,0,31,3,0,2,78,122,4.03,0.947,3.8,1.4,4.7,14.7,3.10,haderjo01
Jesse Hahn,KCR,AL,1,0,0.52,18,0,3,0,0,3,17.1,4,1,1,0,8,0,19,1,0,2,65,912,2.56,0.692,2.1,0.0,4.2,9.9,2.38,hahnje01
David Hale,TOT,MLB,0,0,3.71,11,2,3,0,0,1,17.0,23,7,7,2,4,0,14,0,0,0,75,124,3.78,1.588,12.2,1.1,2.1,7.4,3.50,haleda02
David Hale,NYY,AL,0,0,3.00,5,0,1,0,0,1,6.0,7,2,2,0,3,0,7,0,0,0,26,150,2.36,1.667,10.5,0.0,4.5,10.5,2.33,haleda02
David Hale,PHI,NL,0,0,4.09,6,2,2,0,0,0,11.0,16,5,5,2,1,0,7,0,0,0,49,113,4.55,1.545,13.1,1.6,0.8,5.7,7.00,haleda02
Matt Hall*,BOS,AL,0,3,18.69,4,1,0,0,0,0,8.2,17,18,18,2,10,0,9,1,0,0,54,27,7.92,3.115,17.7,2.1,10.4,9.3,0.90,hallma02
Cole Hamels*,ATL,NL,0,1,8.10,1,1,0,0,0,0,3.1,3,3,3,0,1,0,2,0,0,0,14,63,2.89,1.200,8.1,0.0,2.7,5.4,2.00,hamelco01
Ian Hamilton,CHW,AL,0,0,4.50,4,0,0,0,0,0,4.0,4,2,2,0,5,0,4,0,0,2,20,107,4.94,2.250,9.0,0.0,11.3,9.0,0.80,hamilia01
Brad Hand*,CLE,AL,2,1,2.05,23,0,21,0,0,16,22.0,13,8,5,0,4,0,29,2,0,1,86,220,1.37,0.773,5.3,0.0,1.6,11.9,7.25,handbr01
J.A. Happ*,NYY,AL,2,2,3.47,9,9,0,0,0,0,49.1,37,19,19,8,15,0,42,1,0,0,196,123,4.57,1.054,6.8,1.5,2.7,7.7,2.80,happja01
Ryne Harper,WSN,NL,1,0,7.61,23,0,12,0,0,0,23.2,29,21,20,5,9,2,25,1,0,2,110,59,5.09,1.606,11.0,1.9,3.4,9.5,2.78,harpery01
Will Harris,WSN,NL,0,1,3.06,20,0,5,0,0,1,17.2,21,9,6,3,9,0,21,0,0,1,84,148,4.55,1.698,10.7,1.5,4.6,10.7,2.33,harriwi10
Kyle Hart*,BOS,AL,0,1,15.55,4,3,0,0,0,0,11.0,24,21,19,4,10,0,13,0,1,0,67,32,8.28,3.091,19.6,3.3,8.2,10.6,1.30,hartky01
Geoff Hartlieb,PIT,NL,1,0,3.63,21,0,1,0,0,0,22.1,16,11,9,1,19,0,19,3,0,2,101,125,5.03,1.567,6.4,0.4,7.7,7.7,1.00,hartlge01
Hunter Harvey,BAL,AL,0,2,4.15,10,0,2,0,0,0,8.2,8,6,4,2,2,0,6,1,0,2,37,116,5.84,1.154,8.3,2.1,2.1,6.2,3.00,harvehu01
Joe Harvey,COL,NL,0,0,0.00,4,0,1,0,0,0,3.1,3,0,0,0,0,0,2,1,0,0,14,,2.89,0.900,8.1,0.0,0.0,5.4,,harvejo01
Matt Harvey,KCR,AL,0,3,11.57,7,4,1,0,0,0,11.2,27,15,15,6,5,0,10,0,0,0,65,41,9.45,2.743,20.8,4.6,3.9,7.7,2.00,harvema01
Thomas Hatch,TOR,AL,3,1,2.73,17,1,1,0,0,0,26.1,18,11,8,2,13,0,23,2,0,0,109,162,4.14,1.177,6.2,0.7,4.4,7.9,1.77,hatchto01
Andrew Heaney*,LAA,AL,4,3,4.46,12,12,0,0,0,0,66.2,63,35,33,9,19,1,70,2,0,2,279,102,3.79,1.230,8.5,1.2,2.6,9.5,3.68,heanean01
Taylor Hearn*,TEX,AL,0,0,3.63,14,0,3,0,0,0,17.1,13,8,7,2,11,0,23,1,0,2,76,125,4.11,1.385,6.8,1.0,5.7,11.9,2.09,hearnta01
Tyler Heineman,SFG,NL,0,0,0.00,1,0,1,0,0,0,1.0,1,0,0,0,0,0,0,0,0,0,3,,3.19,1.000,9.0,0.0,0.0,0.0,,heinety01
Ben Heller,NYY,AL,0,0,3.00,6,0,2,0,0,0,6.0,5,2,2,2,2,0,6,2,0,0,27,150,7.52,1.167,7.5,3.0,3.0,9.0,3.00,hellebe01
Ryan Helsley,STL,NL,1,1,5.25,12,0,4,0,0,1,12.0,8,8,7,3,8,1,10,1,0,0,52,82,7.02,1.333,6.0,2.3,6.0,7.5,1.25,helslry01
Heath Hembree,TOT,MLB,3,0,9.00,22,0,2,0,0,0,19.0,26,19,19,9,8,0,20,2,0,0,90,53,8.82,1.789,12.3,4.3,3.8,9.5,2.50,hembrhe01
Heath Hembree,BOS,AL,2,0,5.59,11,0,1,0,0,0,9.2,9,6,6,2,3,0,10,0,0,0,40,88,4.74,1.241,8.4,1.9,2.8,9.3,3.33,hembrhe01
Heath Hembree,PHI,NL,1,0,12.54,11,0,1,0,0,0,9.1,17,13,13,7,5,0,10,2,0,0,50,37,13.05,2.357,16.4,6.8,4.8,9.6,2.00,hembrhe01
Kyle Hendricks,CHC,NL,6,5,2.88,12,12,0,1,1,0,81.1,73,26,26,10,8,1,64,1,0,1,315,156,3.55,0.996,8.1,1.1,0.9,7.1,8.00,hendrky01
Liam Hendriks,OAK,AL,3,1,1.78,24,0,20,0,0,14,25.1,14,6,5,1,3,1,37,0,0,0,92,238,1.14,0.671,5.0,0.4,1.1,13.1,12.33,hendrli01
Jimmy Herget,TEX,AL,1,0,3.20,20,1,6,0,0,0,19.2,13,7,7,2,14,1,17,2,0,0,87,142,5.22,1.373,5.9,0.9,6.4,7.8,1.21,hergeji01
Carlos Hernández,KCR,AL,0,1,4.91,5,3,0,0,0,0,14.2,19,9,8,4,6,0,13,1,0,0,67,97,6.40,1.705,11.7,2.5,3.7,8.0,2.17,hernaca04
Darwinzon Hernandez*,BOS,AL,1,0,2.16,7,0,0,0,0,0,8.1,5,2,2,0,8,0,13,1,0,1,40,230,3.31,1.560,5.4,0.0,8.6,14.0,1.63,hernada02
Elieser Hernandez,MIA,NL,1,0,3.16,6,6,0,0,0,0,25.2,21,10,9,5,5,0,34,2,0,0,106,145,3.89,1.013,7.4,1.8,1.8,11.9,6.80,hernael01
Jonathan Hernández,TEX,AL,5,1,2.90,27,0,5,0,0,0,31.0,24,10,10,2,8,0,31,4,0,0,125,156,3.19,1.032,7.0,0.6,2.3,9.0,3.88,hernajo02
Kelvin Herrera,CHW,AL,0,0,15.43,2,0,1,0,0,0,2.1,3,4,4,2,1,0,3,0,0,0,11,33,13.05,1.714,11.6,7.7,3.9,11.6,3.00,herreke01
David Hess,BAL,AL,0,0,6.43,3,0,3,0,0,0,7.0,10,5,5,1,2,0,1,0,0,0,32,76,5.62,1.714,12.9,1.3,2.6,1.3,0.50,hessda01
Codi Heuer,CHW,AL,3,0,1.52,21,0,4,0,0,1,23.2,12,4,4,1,9,0,25,0,0,0,92,295,2.77,0.887,4.6,0.4,3.4,9.5,2.78,heuerco01
Cam Hill,CLE,AL,2,0,4.91,18,0,5,0,0,1,18.1,11,11,10,4,5,1,16,2,0,0,72,92,5.43,0.873,5.4,2.0,2.5,7.9,3.20,hillca02
Rich Hill*,MIN,AL,2,2,3.03,8,8,0,0,0,0,38.2,28,13,13,3,17,0,31,1,0,1,156,143,3.99,1.164,6.5,0.7,4.0,7.2,1.82,hillri01
Tim Hill*,SDP,NL,3,0,4.50,23,0,3,0,0,0,18.0,17,9,9,3,6,1,20,2,1,1,79,95,4.47,1.278,8.5,1.5,3.0,10.0,3.33,hillti01
Yoshihisa Hirano,SEA,AL,0,1,5.84,13,0,9,0,0,4,12.1,18,9,8,2,8,0,11,1,0,0,63,75,5.70,2.108,13.1,1.5,5.8,8.0,1.38,hiranyo01
Jeff Hoffman,COL,NL,2,1,9.28,16,0,5,0,0,1,21.1,32,23,22,3,9,1,20,2,0,4,104,56,4.69,1.922,13.5,1.3,3.8,8.4,2.22,hoffmje02
Bryan Holaday,BAL,AL,0,0,0.00,1,0,1,0,0,0,0.1,2,0,0,0,0,0,0,0,0,1,3,,3.19,6.000,54.0,0.0,0.0,0.0,,holadbr01
Jonathan Holder,NYY,AL,3,0,4.98,18,0,4,0,0,0,21.2,25,13,12,3,11,1,14,0,0,1,101,87,5.22,1.662,10.4,1.2,4.6,5.8,1.27,holdejo02
Derek Holland*,PIT,NL,1,3,6.86,12,5,3,0,0,0,40.2,42,33,31,12,15,0,45,3,1,2,179,66,6.14,1.402,9.3,2.7,3.3,10.0,3.00,hollade01
Greg Holland,KCR,AL,3,0,1.91,28,0,9,0,0,6,28.1,20,8,6,1,7,1,31,3,0,1,112,247,2.52,0.953,6.4,0.3,2.2,9.8,4.43,hollagr01
Jordan Holloway,MIA,NL,0,0,0.00,1,0,0,0,0,0,0.1,2,0,0,0,1,0,0,0,0,0,4,,12.19,9.000,54.0,0.0,27.0,0.0,0.00,hollojo01
Clay Holmes,PIT,NL,0,0,0.00,1,0,0,0,0,0,1.1,2,0,0,0,0,0,1,0,0,0,6,,1.69,1.500,13.5,0.0,0.0,6.8,,holmecl01
Brock Holt,TOT,NL,0,0,13.50,2,0,2,0,0,0,1.1,5,2,2,1,0,0,0,0,0,0,10,50,12.94,3.750,33.8,6.8,0.0,0.0,,holtbr01
Brock Holt,WSN,NL,0,0,13.50,2,0,2,0,0,0,1.1,5,2,2,1,0,0,0,0,0,0,10,41,12.94,3.750,33.8,6.8,0.0,0.0,,holtbr01
Tanner Houck,BOS,AL,3,0,0.53,3,3,0,0,0,0,17.0,6,2,1,1,9,0,21,1,0,1,63,920,3.25,0.882,3.2,0.5,4.8,11.1,2.33,houckta01
Adrian Houser,MIL,NL,1,6,5.30,12,11,1,0,0,0,56.0,63,41,33,8,21,0,44,4,0,1,246,86,4.82,1.500,10.1,1.3,3.4,7.1,2.10,housead01
Sam Howard*,PIT,NL,2,3,3.86,22,0,4,0,0,0,21.0,17,10,9,4,9,0,27,3,0,0,90,118,4.81,1.238,7.3,1.7,3.9,11.6,3.00,howarsa01
Spencer Howard,PHI,NL,1,2,5.92,6,6,0,0,0,0,24.1,30,17,16,6,10,0,23,1,0,0,113,77,5.86,1.644,11.1,2.2,3.7,8.5,2.30,howarsp01
James Hoyt,MIA,NL,2,0,1.23,24,0,3,0,0,0,14.2,9,2,2,1,8,1,20,1,1,2,62,377,3.19,1.159,5.5,0.6,4.9,12.3,2.50,hoytja01
Dakota Hudson,STL,NL,3,2,2.77,8,8,0,0,0,0,39.0,24,13,12,5,15,1,31,1,0,0,151,152,4.50,1.000,5.5,1.2,3.5,7.2,2.07,hudsoda02
Daniel Hudson,WSN,NL,3,2,6.10,21,0,15,0,0,10,20.2,15,15,14,6,11,0,28,3,0,0,92,74,6.29,1.258,6.5,2.6,4.8,12.2,2.55,hudsoda01
Jared Hughes,NYM,NL,1,2,4.84,18,0,4,0,0,0,22.1,23,17,12,3,14,2,21,5,0,0,109,89,5.61,1.657,9.3,1.2,5.6,8.5,1.50,hugheja02
Tommy Hunter,PHI,NL,0,1,4.01,24,0,1,0,0,1,24.2,22,11,11,2,6,0,25,3,0,0,102,113,3.31,1.135,8.0,0.7,2.2,9.1,4.17,hunteto02
Raisel Iglesias,CIN,NL,4,3,2.74,22,0,17,0,0,8,23.0,16,11,7,1,5,1,31,1,1,0,91,181,1.84,0.913,6.3,0.4,2.0,12.1,6.20,iglesra01
Cole Irvin*,PHI,NL,0,1,17.18,3,0,1,0,0,0,3.2,11,7,7,1,1,0,4,0,0,0,22,29,5.37,3.273,27.0,2.5,2.5,9.8,4.00,irvinco01
Luke Jackson,ATL,NL,2,0,6.84,19,0,3,0,0,0,26.1,39,23,20,2,13,0,20,2,0,3,132,69,4.37,1.975,13.3,0.7,4.4,6.8,1.54,jackslu01
Josh James,HOU,AL,1,0,7.27,13,2,1,0,0,0,17.1,15,14,14,4,17,0,21,2,0,2,83,62,7.06,1.846,7.8,2.1,8.8,10.9,1.24,jamesjo02
Kenley Jansen,LAD,NL,3,1,3.33,27,0,24,0,0,11,24.1,19,11,9,2,9,0,33,3,0,0,102,132,3.03,1.151,7.0,0.7,3.3,12.2,3.67,janseke01
Cristian Javier,HOU,AL,5,2,3.48,12,10,0,0,0,0,54.1,36,21,21,11,18,0,54,2,2,4,214,128,4.94,0.994,6.0,1.8,3.0,8.9,3.00,javiecr01
Daulton Jefferies,OAK,AL,0,1,22.50,1,1,0,0,0,0,2.0,5,5,5,2,2,0,1,0,0,0,13,22,18.19,3.500,22.5,9.0,9.0,4.5,0.50,jeffeda01
Jeremy Jeffress,CHC,NL,4,1,1.54,22,0,15,0,0,8,23.1,10,5,4,1,12,1,17,2,0,0,88,295,4.09,0.943,3.9,0.4,4.6,6.6,1.42,jeffrje01
Dany Jiménez,SFG,NL,0,0,6.75,2,0,1,0,0,0,1.1,1,1,1,0,3,0,1,0,0,0,8,80,8.44,3.000,6.8,0.0,20.3,6.8,0.33,jimenda01
Joe Jiménez,DET,AL,1,3,7.15,25,0,9,0,0,5,22.2,25,19,18,7,6,0,22,5,0,1,101,64,6.72,1.368,9.9,2.8,2.4,8.7,3.67,jimenjo02
Pierce Johnson,SDP,NL,3,1,2.70,24,0,7,0,0,0,20.0,15,7,6,2,9,0,27,0,1,1,80,157,3.14,1.200,6.8,0.9,4.1,12.2,3.00,johnspi01
Nate Jones,CIN,NL,0,1,6.27,21,0,8,0,0,0,18.2,25,13,13,5,6,1,23,2,0,2,86,79,5.49,1.661,12.1,2.4,2.9,11.1,3.83,jonesna01
Jakob Junis,KCR,AL,0,2,6.39,8,6,0,0,0,0,25.1,35,18,18,7,6,1,19,2,1,2,114,74,6.23,1.618,12.4,2.5,2.1,6.8,3.17,junisja01
Ariel Jurado,NYM,NL,0,0,11.25,1,1,0,0,0,0,4.0,9,5,5,1,0,0,2,0,0,0,21,41,5.44,2.250,20.3,2.3,0.0,4.5,,juradar01
Tommy Kahnle,NYY,AL,0,0,0.00,1,0,0,0,0,0,1.0,1,0,0,0,1,1,3,0,0,0,6,,0.19,2.000,9.0,0.0,9.0,27.0,3.00,kahnlto01
Rob Kaminsky*,STL,NL,0,0,1.93,5,0,3,0,0,0,4.2,3,3,1,0,2,0,3,0,0,0,21,233,3.19,1.071,5.8,0.0,3.9,5.8,1.50,kaminro01
James Kaprielian,OAK,AL,0,0,7.36,2,0,0,0,0,0,3.2,4,3,3,2,2,0,4,0,0,0,17,62,9.74,1.636,9.8,4.9,4.9,9.8,2.00,kaprija01
James Karinchak,CLE,AL,1,2,2.67,27,0,4,0,0,1,27.0,14,9,8,1,16,1,53,0,0,5,109,168,1.52,1.111,4.7,0.3,5.3,17.7,3.31,karinja01
Anthony Kay*,TOR,AL,2,0,5.14,13,0,0,0,0,0,21.0,22,13,12,3,14,1,22,0,0,0,98,87,4.95,1.714,9.4,1.3,6.0,9.4,1.57,kayan01
Keone Kela,PIT,NL,0,0,4.50,3,0,1,0,0,0,2.0,3,1,1,1,1,0,3,0,0,0,10,117,8.19,2.000,13.5,4.5,4.5,13.5,3.00,kelake01
Brad Keller,KCR,AL,5,3,2.47,9,9,0,1,1,0,54.2,39,16,15,2,17,0,35,2,0,1,215,189,3.43,1.024,6.4,0.3,2.8,5.8,2.06,kellebr01
Kyle Keller,LAA,AL,0,0,7.71,2,0,1,0,0,0,2.1,3,2,2,0,2,0,1,0,0,1,13,67,4.91,2.143,11.6,0.0,7.7,3.9,0.50,kelleky01
Mitch Keller,PIT,NL,1,1,2.91,5,5,0,0,0,0,21.2,9,7,7,4,18,0,16,1,0,2,87,157,6.74,1.246,3.7,1.7,7.5,6.6,0.89,kellemi03
Trevor Kelley,PHI,NL,0,0,10.80,4,0,2,0,0,0,3.1,8,4,4,2,1,0,5,0,0,1,19,46,8.89,2.700,21.6,5.4,2.7,13.5,5.00,kelletr01
Carson Kelly,ARI,NL,0,0,0.00,1,0,1,0,0,0,1.0,1,0,0,0,0,0,0,0,0,0,4,,3.19,1.000,9.0,0.0,0.0,0.0,,kellyca02
Joe Kelly,LAD,NL,0,0,1.80,12,1,2,0,0,0,10.0,8,3,2,0,7,0,9,0,0,3,42,250,3.49,1.500,7.2,0.0,6.3,8.1,1.29,kellyjo05
Merrill Kelly,ARI,NL,3,2,2.59,5,5,0,0,0,0,31.1,26,9,9,5,5,1,29,1,0,0,125,175,3.99,0.989,7.5,1.4,1.4,8.3,5.80,kellyme01
Ian Kennedy,KCR,AL,0,2,9.00,15,1,1,0,0,0,14.0,20,17,14,7,5,1,15,1,0,0,69,53,8.83,1.786,12.9,4.5,3.2,9.6,3.00,kenneia01
Clayton Kershaw*,LAD,NL,6,2,2.16,10,10,0,0,0,0,58.1,41,18,14,8,8,0,62,1,0,0,221,202,3.31,0.840,6.3,1.2,1.2,9.6,7.75,kershcl01
Dallas Keuchel*,CHW,AL,6,2,1.99,11,11,0,0,0,0,63.1,52,15,14,2,17,0,42,0,0,0,257,224,3.08,1.089,7.4,0.3,2.4,6.0,2.47,keuchda01
Mike Kickham*,BOS,AL,1,1,7.71,6,2,2,0,0,0,14.0,21,12,12,6,5,1,17,2,0,0,70,63,7.83,1.857,13.5,3.9,3.2,10.9,3.40,kickhmi01
Yusei Kikuchi*,SEA,AL,2,4,5.17,9,9,0,0,0,0,47.0,41,27,27,3,20,0,47,0,0,3,194,83,3.30,1.298,7.9,0.6,3.8,9.0,2.35,kikucyu01
Franklyn Kilome,NYM,NL,0,1,11.12,4,0,2,0,0,1,11.1,14,14,14,5,9,0,13,1,0,1,58,40,9.28,2.029,11.1,4.0,7.1,10.3,1.44,kilomfr01
Kwang Hyun Kim*,STL,NL,3,0,1.62,8,7,1,0,0,1,39.0,28,9,7,3,12,2,24,0,0,1,154,260,3.88,1.026,6.5,0.7,2.8,5.5,2.00,kimkw01
Craig Kimbrel,CHC,NL,0,1,5.28,18,0,11,0,0,2,15.1,10,9,9,2,12,1,28,2,0,4,69,87,3.97,1.435,5.9,1.2,7.0,16.4,2.33,kimbrcr01
John King*,TEX,AL,1,0,6.10,6,0,0,0,0,0,10.1,13,8,7,2,4,0,9,2,0,0,51,76,5.71,1.645,11.3,1.7,3.5,7.8,2.25,kingjo01
Michael King,NYY,AL,1,2,7.76,9,4,1,0,0,0,26.2,30,23,23,5,11,0,26,2,0,0,121,55,5.14,1.538,10.1,1.7,3.7,8.8,2.36,kingmi01
Tyler Kinley,COL,NL,0,2,5.32,24,0,4,0,0,0,23.2,13,15,14,2,12,0,26,3,0,4,96,98,3.99,1.056,4.9,0.8,4.6,9.9,2.17,kinlety01
Brandon Kintzler,MIA,NL,2,3,2.22,24,0,21,0,0,12,24.1,21,7,6,3,11,3,14,0,0,0,101,207,5.00,1.315,7.8,1.1,4.1,5.2,1.27,kintzbr01
Andrew Kittredge,TBR,AL,0,0,2.25,8,1,1,0,0,1,8.0,8,2,2,0,2,0,3,0,0,0,31,189,3.19,1.250,9.0,0.0,2.3,3.4,1.50,kittran01
Branden Kline,BAL,AL,0,0,1.80,3,0,1,0,0,0,5.0,2,1,1,0,3,0,7,0,0,0,20,275,2.19,1.000,3.6,0.0,5.4,12.6,2.33,klinebr01
Corey Kluber,TEX,AL,0,0,0.00,1,1,0,0,0,0,1.0,0,0,0,0,1,0,1,0,0,0,3,,4.19,1.000,0.0,0.0,9.0,9.0,1.00,klubeco01
Corey Knebel,MIL,NL,0,0,6.08,15,0,2,0,0,0,13.1,15,9,9,4,8,0,15,0,0,0,62,76,6.64,1.725,10.1,2.7,5.4,10.1,1.88,knebeco01
Adam Kolarek*,LAD,NL,3,0,0.95,20,0,3,0,0,1,19.0,11,2,2,1,4,0,13,0,0,2,72,467,3.14,0.789,5.2,0.5,1.9,6.2,3.25,kolarad01
Erik Kratz,NYY,AL,0,0,9.00,2,0,2,0,0,0,2.0,2,2,2,2,0,0,0,1,0,0,9,56,17.69,1.000,9.0,9.0,0.0,0.0,,kratzer01
Dean Kremer,BAL,AL,1,1,4.82,4,4,0,0,0,0,18.2,15,10,10,0,12,0,22,0,0,0,83,98,2.76,1.446,7.2,0.0,5.8,10.6,1.83,kremede01
Brooks Kriske,NYY,AL,0,0,14.73,4,0,2,0,0,0,3.2,3,6,6,1,7,0,8,0,0,2,22,32,8.10,2.727,7.4,2.5,17.2,19.6,1.14,kriskbr01
Chad Kuhl,PIT,NL,2,3,4.27,11,9,0,0,0,0,46.1,35,26,22,8,28,0,44,2,0,1,197,106,5.48,1.360,6.8,1.6,5.4,8.5,1.57,kuhlch01
Joel Kuhnel,CIN,NL,1,0,6.00,3,0,1,0,0,0,3.0,4,2,2,2,0,0,3,0,0,0,13,90,9.86,1.333,12.0,6.0,0.0,9.0,,kuhnejo01
Brady Lail,TOT,AL,0,0,4.41,8,0,7,0,0,0,16.1,14,8,8,5,7,0,12,2,0,0,71,101,7.35,1.286,7.7,2.8,3.9,6.6,1.71,lailbr01
Brady Lail,CHW,AL,0,0,0.00,1,0,1,0,0,0,1.1,2,0,0,0,0,0,1,0,0,0,6,,1.69,1.500,13.5,0.0,0.0,6.8,,lailbr01
Brady Lail,SEA,AL,0,0,4.80,7,0,6,0,0,0,15.0,12,8,8,5,7,0,11,2,0,0,65,91,7.86,1.267,7.2,3.0,4.2,6.6,1.57,lailbr01
Travis Lakins Sr.,BAL,AL,3,2,2.81,22,0,5,0,0,1,25.2,25,11,8,2,13,0,25,2,0,3,116,168,4.01,1.481,8.8,0.7,4.6,8.8,1.92,lakintr01
Jimmy Lambert,CHW,AL,0,0,0.00,2,0,1,0,0,0,2.0,2,0,0,0,0,0,2,0,0,0,8,,1.19,1.000,9.0,0.0,0.0,9.0,,lambeji01
Dinelson Lamet,SDP,NL,3,1,2.09,12,12,0,0,0,0,69.0,39,18,16,5,20,0,93,4,0,1,267,201,2.48,0.855,5.1,0.7,2.6,12.1,4.65,lametdi01
Eric Lauer*,MIL,NL,0,2,13.09,4,2,0,0,0,0,11.0,17,16,16,2,9,0,12,2,0,1,61,36,6.37,2.364,13.9,1.6,7.4,9.8,1.33,lauerer01
Wade LeBlanc*,BAL,AL,1,0,8.06,6,6,0,0,0,0,22.1,27,20,20,6,8,0,13,1,1,0,103,59,6.73,1.567,10.9,2.4,3.2,5.2,1.63,leblawa01
José Leclerc,TEX,AL,0,0,4.50,2,0,2,0,0,1,2.0,2,1,1,0,2,0,3,0,0,0,10,116,3.19,2.000,9.0,0.0,9.0,13.5,1.50,leclejo01
Brandon Leibrandt*,MIA,NL,0,0,2.00,5,0,2,0,0,0,9.0,3,2,2,0,7,1,3,0,0,0,36,235,4.86,1.111,3.0,0.0,7.0,3.0,0.43,leibrbr01
Dominic Leone,CLE,AL,0,0,8.38,12,0,4,0,0,0,9.2,14,9,9,3,5,0,16,0,0,1,47,55,5.47,1.966,13.0,2.8,4.7,14.9,3.20,leonedo01
Jon Lester*,CHC,NL,3,3,5.16,12,12,0,0,0,0,61.0,64,35,35,11,17,0,42,3,0,2,265,87,5.14,1.328,9.4,1.6,2.5,6.2,2.47,lestejo01
Artie Lewicki,ARI,NL,0,0,5.40,2,0,2,0,0,0,3.1,7,2,2,0,1,0,5,0,0,0,18,92,1.09,2.400,18.9,0.0,2.7,13.5,5.00,lewicar01
Robinson Leyer,BOS,AL,0,0,21.21,6,1,0,0,0,0,4.2,12,11,11,3,8,0,9,0,0,0,34,24,12.83,4.286,23.1,5.8,15.4,17.4,1.13,leyerro01
Tzu-Wei Lin,BOS,AL,0,0,27.00,1,0,1,0,0,0,1.0,4,3,3,1,0,0,0,0,0,0,7,23,16.19,4.000,36.0,9.0,0.0,0.0,,lintz02
Josh Lindblom,MIL,NL,2,4,5.16,12,10,1,0,0,0,45.1,42,26,26,6,16,0,52,3,0,2,191,88,3.87,1.279,8.3,1.2,3.2,10.3,3.25,lindbjo01
Zack Littell,MIN,AL,0,0,9.95,6,0,3,0,0,0,6.1,12,7,7,5,3,0,3,1,0,1,31,46,14.40,2.368,17.1,7.1,4.3,4.3,1.00,litteza01
Mauricio Llovera,PHI,NL,0,0,36.00,1,0,0,0,0,0,1.0,5,4,4,0,1,0,1,1,0,0,10,17,7.19,6.000,45.0,0.0,9.0,9.0,1.00,llovema01
Jonathan Loáisiga,NYY,AL,3,0,3.52,12,3,2,0,0,0,23.0,21,11,9,3,7,1,22,4,0,1,100,123,4.41,1.217,8.2,1.2,2.7,8.6,3.14,loaisjo01
Walker Lockett,TOT,MLB,1,0,4.96,7,1,3,0,0,0,16.1,21,9,9,2,4,0,11,2,0,0,73,90,4.54,1.531,11.6,1.1,2.2,6.1,2.75,lockewa01
Walker Lockett,NYM,NL,1,0,5.63,2,1,0,0,0,0,8.0,9,5,5,1,3,0,8,2,0,0,37,79,4.69,1.500,10.1,1.1,3.4,9.0,2.67,lockewa01
Walker Lockett,SEA,AL,0,0,4.32,5,0,3,0,0,0,8.1,12,4,4,1,1,0,3,0,0,0,36,103,4.39,1.560,13.0,1.1,1.1,3.2,3.00,lockewa01
Tim Lopes,SEA,AL,0,0,18.00,1,0,1,0,0,0,1.0,2,2,2,0,1,0,0,0,0,0,6,32,6.19,3.000,18.0,0.0,9.0,0.0,0.00,lopesti01
Jorge López,TOT,AL,2,2,6.69,10,6,1,0,0,0,39.0,46,32,29,7,12,1,28,3,0,4,174,71,5.24,1.487,10.6,1.6,2.8,6.5,2.33,lopezjo02
Jorge López,KCR,AL,0,0,27.00,1,0,0,0,0,0,0.2,3,2,2,0,0,0,0,0,0,0,5,26,3.19,4.500,40.5,0.0,0.0,0.0,,lopezjo02
Jorge López,BAL,AL,2,2,6.34,9,6,1,0,0,0,38.1,43,30,27,7,12,1,28,3,0,4,169,74,5.28,1.435,10.1,1.6,2.8,6.6,2.33,lopezjo02
Pablo López,MIA,NL,6,4,3.61,11,11,0,0,0,0,57.1,50,27,23,4,18,1,59,2,0,0,240,126,3.09,1.186,7.8,0.6,2.8,9.3,3.28,lopezpa01
Reynaldo López,CHW,AL,1,3,6.49,8,8,0,0,0,0,26.1,28,21,19,9,15,0,24,1,0,1,121,69,7.63,1.633,9.6,3.1,5.1,8.2,1.60,lopezre01
Yoan López,ARI,NL,0,1,5.95,20,0,7,0,0,0,19.2,21,15,13,4,9,2,16,0,1,0,87,77,5.58,1.525,9.6,1.8,4.1,7.3,1.78,lopezyo01
Michael Lorenzen,CIN,NL,3,1,4.28,18,2,2,0,0,0,33.2,30,17,16,3,17,1,35,1,1,2,147,115,3.87,1.396,8.0,0.8,4.5,9.4,2.06,lorenmi01
Aaron Loup*,TBR,AL,3,2,2.52,24,0,6,0,0,0,25.0,17,9,7,3,4,0,22,3,0,0,96,164,3.83,0.840,6.1,1.1,1.4,7.9,5.50,loupaa01
Richard Lovelady*,KCR,AL,0,0,9.00,1,0,0,0,0,0,1.0,1,1,1,1,1,0,0,0,0,0,4,69,19.19,2.000,9.0,9.0,9.0,0.0,0.00,lovelri01
Joey Lucchesi*,SDP,NL,0,1,7.94,3,2,0,0,0,0,5.2,13,5,5,0,2,0,5,1,0,0,32,56,3.01,2.647,20.6,0.0,3.2,7.9,2.50,lucchjo01
Seth Lugo,NYM,NL,3,4,5.15,16,7,6,0,0,3,36.2,40,22,21,8,10,1,47,2,0,1,160,83,4.45,1.364,9.8,2.0,2.5,11.5,4.70,lugose01
Jesús Luzardo*,OAK,AL,3,2,4.12,12,9,1,0,0,0,59.0,58,27,27,9,17,1,59,3,1,3,248,102,4.19,1.271,8.8,1.4,2.6,9.0,3.47,luzarje01
Jordan Lyles,TEX,AL,1,6,7.02,12,9,0,0,0,0,57.2,67,49,45,12,23,0,36,2,1,3,266,64,5.95,1.561,10.5,1.9,3.6,5.6,1.57,lylesjo01
Lance Lynn,TEX,AL,6,3,3.32,13,13,0,1,0,0,84.0,64,34,31,13,25,0,89,6,0,2,344,135,4.19,1.060,6.9,1.4,2.7,9.5,3.56,lynnla01
Tyler Lyons*,NYY,AL,0,0,21.60,1,0,0,0,0,0,1.2,3,4,4,0,1,0,0,1,0,0,10,24,6.79,2.400,16.2,0.0,5.4,0.0,0.00,lyonsty01
Kenta Maeda,MIN,AL,6,1,2.70,11,11,0,0,0,0,66.2,40,20,20,9,10,0,80,0,0,0,248,160,3.00,0.750,5.4,1.2,1.4,10.8,8.00,maedake01
Matt Magill,SEA,AL,0,1,6.10,11,0,0,0,0,0,10.1,9,7,7,3,6,0,11,0,0,1,45,72,6.58,1.452,7.8,2.6,5.2,9.6,1.83,magilma01
Tyler Mahle,CIN,NL,2,2,3.59,10,9,0,0,0,0,47.2,34,21,19,6,21,0,60,4,1,2,201,137,3.88,1.154,6.4,1.1,4.0,11.3,2.86,mahlety01
Sean Manaea*,OAK,AL,4,3,4.50,11,11,0,0,0,0,54.0,57,32,27,7,8,0,45,1,0,1,222,93,3.71,1.204,9.5,1.2,1.3,7.5,5.63,manaese01
Joe Mantiply*,ARI,NL,0,0,15.43,4,0,1,0,0,0,2.1,3,4,4,0,4,0,2,0,0,0,15,33,6.62,3.000,11.6,0.0,15.4,7.7,0.50,mantijo01
Dillon Maples,CHC,NL,0,0,18.00,2,0,1,0,0,0,1.0,1,3,2,0,4,0,1,0,0,0,9,33,13.19,5.000,9.0,0.0,36.0,9.0,0.25,mapledi01
Nick Margevicius*,SEA,AL,2,3,4.57,10,7,1,0,0,0,41.1,38,21,21,6,14,2,36,0,0,2,170,94,4.35,1.258,8.3,1.3,3.0,7.8,2.57,margeni01
Brailyn Marquez*,CHC,NL,0,0,67.50,1,0,0,0,0,0,0.2,2,5,5,0,3,0,1,0,0,2,7,10,13.69,7.500,27.0,0.0,40.5,13.5,0.33,marqubr01
Germán Márquez,COL,NL,4,6,3.75,13,13,0,0,0,0,81.2,78,41,34,6,25,0,73,0,0,4,344,138,3.28,1.261,8.6,0.7,2.8,8.0,2.92,marquge01
Evan Marshall,CHW,AL,2,1,2.38,23,0,0,0,0,0,22.2,17,6,6,1,7,0,30,0,0,2,93,189,2.04,1.059,6.8,0.4,2.8,11.9,4.29,marshev01
Brett Martin*,TEX,AL,1,1,1.84,15,0,4,0,0,0,14.2,8,5,3,2,9,0,8,0,0,1,61,248,5.71,1.159,4.9,1.2,5.5,4.9,0.89,martibr01
Chris Martin,ATL,NL,1,1,1.00,19,0,3,0,0,1,18.0,8,3,2,1,3,1,20,1,0,0,66,475,2.36,0.611,4.0,0.5,1.5,10.0,6.67,martich02
Carlos Martinez,STL,NL,0,3,9.90,5,5,0,0,0,0,20.0,32,26,22,6,10,2,17,0,0,0,104,43,6.89,2.100,14.4,2.7,4.5,7.7,1.70,martica04
Phil Maton,CLE,AL,3,3,4.57,23,0,4,0,0,0,21.2,23,14,11,1,6,1,32,4,0,1,96,98,2.22,1.338,9.6,0.4,2.5,13.3,5.33,matonph01
Steven Matz*,NYM,NL,0,5,9.68,9,6,1,0,0,0,30.2,42,33,33,14,10,0,36,0,0,2,142,44,7.76,1.696,12.3,4.1,2.9,10.6,3.60,matzst01
Tyler Matzek*,ATL,NL,4,3,2.79,21,0,3,0,0,0,29.0,23,9,9,1,10,0,43,2,0,1,121,169,1.92,1.138,7.1,0.3,3.1,13.3,4.30,matzety01
Dustin May,LAD,NL,3,1,2.57,12,10,0,0,0,0,56.0,45,18,16,9,16,0,44,1,0,2,224,170,4.62,1.089,7.2,1.4,2.6,7.1,2.75,maydu01
Trevor May,MIN,AL,1,0,3.86,24,0,4,0,0,2,23.1,20,11,10,5,7,0,38,0,0,2,96,113,3.62,1.157,7.7,1.9,2.7,14.7,5.43,maytr01
Mike Mayers,LAA,AL,2,0,2.10,29,0,4,0,0,2,30.0,18,10,7,2,9,0,43,1,0,0,121,217,2.19,0.900,5.4,0.6,2.7,12.9,4.78,mayermi01
Chris Mazza,BOS,AL,1,2,4.80,9,6,0,0,0,0,30.0,34,18,16,3,15,0,29,2,0,4,136,101,4.26,1.633,10.2,0.9,4.5,8.7,1.93,mazzach01
Kevin McCarthy,KCR,AL,0,0,4.50,5,0,2,0,0,0,6.0,10,3,3,1,2,0,2,1,0,0,29,109,6.19,2.000,15.0,1.5,3.0,3.0,1.00,mccarke01
Reggie McClain,PHI,NL,0,0,5.06,5,0,1,0,0,0,5.1,9,6,3,1,3,0,2,0,0,0,29,94,6.57,2.250,15.2,1.7,5.1,3.4,0.67,mcclare01
Lance McCullers Jr.,HOU,AL,3,3,3.93,11,11,0,0,0,0,55.0,44,29,24,5,20,0,56,5,0,0,227,113,3.70,1.164,7.2,0.8,3.3,9.2,2.80,mcculla02
T.J. McFarland*,OAK,AL,2,0,4.35,23,0,2,0,0,0,20.2,26,10,10,5,5,0,9,1,0,1,92,97,6.34,1.500,11.3,2.2,2.2,3.9,1.80,mcfartj01
Jake McGee*,LAD,NL,3,1,2.66,24,0,4,0,0,0,20.1,14,6,6,2,3,0,33,0,0,0,79,167,1.67,0.836,6.2,0.9,1.3,14.6,11.00,mcgeeja01
Kyle McGowin,WSN,NL,1,0,4.91,9,0,3,0,0,1,11.0,9,6,6,2,5,1,16,0,0,1,47,93,4.01,1.273,7.4,1.6,4.1,13.1,3.20,mcgowky01
David McKay,DET,AL,0,0,54.00,1,0,0,0,0,0,0.1,1,2,2,1,1,0,0,0,0,0,3,17,51.19,6.000,27.0,27.0,27.0,0.0,0.00,mckayda02
Triston McKenzie,CLE,AL,2,1,3.24,8,6,0,0,0,0,33.1,21,12,12,6,9,0,42,1,0,0,127,138,3.91,0.900,5.7,1.6,2.4,11.3,4.67,mckentr01
Alex McRae,CHW,AL,0,0,0.00,2,0,1,0,0,0,3.0,1,0,0,0,0,0,2,0,0,0,10,,1.86,0.333,3.0,0.0,0.0,6.0,,mcraeal01
John Means*,BAL,AL,2,4,4.53,10,10,0,0,0,0,43.2,36,22,22,12,7,0,42,4,0,2,176,103,5.60,0.985,7.4,2.5,1.4,8.7,6.00,meansjo01
Nick Mears,PIT,NL,0,0,5.40,4,0,2,0,0,0,5.0,4,3,3,1,7,0,7,0,0,1,26,89,7.19,2.200,7.2,1.8,12.6,12.6,1.00,mearsni01
Adonis Medina,PHI,NL,0,1,4.50,1,1,0,0,0,0,4.0,3,2,2,0,3,0,4,0,1,0,18,108,3.44,1.500,6.8,0.0,6.8,9.0,1.33,medinad01
Ryan Meisinger,STL,NL,0,0,0.00,2,0,0,0,0,0,2.2,1,0,0,0,4,0,3,1,0,0,13,,6.57,1.875,3.4,0.0,13.5,10.1,0.75,meisiry01
Humberto Mejía,MIA,NL,0,2,5.40,3,3,0,0,0,0,10.0,13,8,6,3,6,0,11,1,0,0,49,87,6.99,1.900,11.7,2.7,5.4,9.9,1.83,mejiahu01
Mark Melancon,ATL,NL,2,1,2.78,23,0,19,0,0,11,22.2,22,8,7,1,7,3,14,2,0,1,95,170,3.72,1.279,8.7,0.4,2.8,5.6,2.00,melanma01
Keury Mella,ARI,NL,2,0,1.80,11,0,3,0,0,0,10.0,10,3,2,1,3,1,10,0,0,1,42,258,3.39,1.300,9.0,0.9,2.7,9.0,3.33,mellake01
Conner Menez*,SFG,NL,1,0,2.38,7,0,3,0,0,0,11.1,6,4,3,2,5,0,8,1,0,0,45,184,5.66,0.971,4.8,1.6,4.0,6.4,1.60,menezco01
Daniel Mengden,OAK,AL,0,1,3.65,4,1,2,0,0,0,12.1,14,5,5,2,7,0,10,1,0,0,58,117,5.62,1.703,10.2,1.5,5.1,7.3,1.43,mengdda01
Julian Merryweather,TOR,AL,0,0,4.15,8,3,0,0,0,0,13.0,11,6,6,0,6,0,15,0,0,0,55,108,2.27,1.308,7.6,0.0,4.2,10.4,2.50,merryju01
Keynan Middleton,LAA,AL,0,1,5.25,13,0,4,0,0,0,12.0,12,8,7,2,6,0,11,0,0,1,53,88,5.02,1.500,9.0,1.5,4.5,8.3,1.83,middlke01
Wade Miley*,CIN,NL,0,3,5.65,6,4,2,0,0,0,14.1,15,10,9,1,9,0,12,2,1,0,67,88,4.73,1.674,9.4,0.6,5.7,7.5,1.33,mileywa01
Andrew Miller*,STL,NL,1,1,2.77,16,0,5,0,0,4,13.0,9,4,4,0,5,0,16,3,0,2,55,155,2.58,1.077,6.2,0.0,3.5,11.1,3.20,millean01
Tyson Miller,CHC,NL,0,0,5.40,2,1,1,0,0,0,5.0,2,3,3,1,3,0,0,0,1,0,20,89,7.59,1.000,3.6,1.8,5.4,0.0,0.00,millety01
Alec Mills,CHC,NL,5,5,4.48,11,11,0,1,1,0,62.1,53,31,31,13,19,0,46,2,1,0,252,101,5.44,1.155,7.7,1.9,2.7,6.6,2.42,millsal02
Hoby Milner*,LAA,AL,0,0,8.10,19,0,4,0,0,0,13.1,13,12,12,5,6,0,13,1,0,0,59,57,7.69,1.425,8.8,3.4,4.1,8.8,2.17,milneho01
Tommy Milone*,TOT,MLB,1,4,6.69,9,9,0,0,0,0,39.0,55,34,29,9,6,0,40,2,0,1,181,71,4.76,1.564,12.7,2.1,1.4,9.2,6.67,milonto01
Tommy Milone*,BAL,AL,1,4,3.99,6,6,0,0,0,0,29.1,33,18,13,5,4,0,31,2,0,1,129,118,3.91,1.261,10.1,1.5,1.2,9.5,7.75,milonto01
Tommy Milone*,ATL,NL,0,0,14.90,3,3,0,0,0,0,9.2,22,16,16,4,2,0,9,0,0,0,52,32,7.33,2.483,20.5,3.7,1.9,8.4,4.50,milonto01
Mike Minor*,TOT,AL,1,6,5.56,12,11,0,1,1,0,56.2,50,36,35,11,20,0,62,1,0,0,239,79,4.64,1.235,7.9,1.7,3.2,9.8,3.10,minormi01
Mike Minor*,TEX,AL,0,5,5.60,7,7,0,0,0,0,35.1,35,23,22,7,13,0,35,0,0,0,155,81,4.89,1.358,8.9,1.8,3.3,8.9,2.69,minormi01
Mike Minor*,OAK,AL,1,1,5.48,5,4,0,1,1,0,21.1,15,13,13,4,7,0,27,1,0,0,84,77,4.22,1.031,6.3,1.7,3.0,11.4,3.86,minormi01
A.J. Minter*,ATL,NL,1,1,0.83,22,0,6,0,0,0,21.2,15,3,2,1,9,2,24,0,0,1,85,570,2.82,1.108,6.2,0.4,3.7,10.0,2.67,minteaj01
Anthony Misiewicz*,SEA,AL,0,2,4.05,21,0,1,0,0,0,20.0,20,9,9,2,6,1,25,1,0,2,83,107,3.04,1.300,9.0,0.9,2.7,11.3,4.17,misiean01
Casey Mize,DET,AL,0,3,6.99,7,7,0,0,0,0,28.1,29,25,22,7,13,0,26,5,0,2,133,65,6.47,1.482,9.2,2.2,4.1,8.3,2.00,mizeca01
Frankie Montas,OAK,AL,3,5,5.60,11,11,0,0,0,0,53.0,57,35,33,10,23,0,60,1,0,2,237,75,4.74,1.509,9.7,1.7,3.9,10.2,2.61,montafr02
Rafael Montero,TEX,AL,0,1,4.08,17,0,16,0,0,8,17.2,12,11,8,2,6,0,19,1,0,0,72,112,3.70,1.019,6.1,1.0,3.1,9.7,3.17,montera01
Jordan Montgomery*,NYY,AL,2,3,5.11,10,10,0,0,0,0,44.0,48,27,25,7,9,0,47,2,0,3,193,84,3.87,1.295,9.8,1.4,1.8,9.6,5.22,montgjo01
Mike Montgomery*,KCR,AL,0,0,5.06,3,1,0,0,0,0,5.1,6,5,3,1,1,0,4,0,0,0,23,97,4.69,1.313,10.1,1.7,1.7,6.8,4.00,montgmi01
Brian Moran*,TOT,MLB,1,0,9.64,7,0,2,0,0,0,4.2,6,5,5,1,6,0,7,0,0,0,26,53,6.83,2.571,11.6,1.9,11.6,13.5,1.17,moranbr01
Brian Moran*,TOR,AL,0,0,0.00,2,0,1,0,0,0,1.0,1,0,0,0,0,0,1,0,0,0,4,,1.19,1.000,9.0,0.0,0.0,9.0,,moranbr01
Brian Moran*,MIA,NL,1,0,12.27,5,0,1,0,0,0,3.2,5,5,5,1,6,0,6,0,0,0,22,40,8.37,3.000,12.3,2.5,14.7,14.7,1.00,moranbr01
Adrián Morejón*,SDP,NL,2,2,4.66,9,4,0,0,0,0,19.1,20,11,10,7,4,0,25,0,0,0,79,91,5.93,1.241,9.3,3.3,1.9,11.6,6.25,morejad01
Adam Morgan*,PHI,NL,0,1,5.54,17,0,4,0,0,0,13.0,14,8,8,3,6,0,16,0,0,0,58,83,5.11,1.538,9.7,2.1,4.2,11.1,2.67,morgaad01
Mike Morin,MIA,NL,1,0,0.00,3,0,0,0,0,0,4.0,1,0,0,0,1,0,2,0,0,0,12,,2.94,0.500,2.3,0.0,2.3,4.5,2.00,morinmi01
Charlie Morton,TBR,AL,2,2,4.74,9,9,0,0,0,0,38.0,43,21,20,4,10,0,42,4,0,1,170,87,3.45,1.395,10.2,0.9,2.4,9.9,4.20,mortoch02
José Mujica,COL,NL,0,0,12.46,2,0,1,0,0,0,4.1,10,7,6,2,2,0,1,0,0,0,23,44,10.11,2.769,20.8,4.2,4.2,2.1,0.50,mujicjo01
John Ryan Murphy,PIT,NL,0,0,0.00,1,0,1,0,0,0,1.0,0,0,0,0,0,0,0,0,0,0,3,,3.19,0.000,0.0,0.0,0.0,0.0,,murphjr01
Patrick Murphy,TOR,AL,0,0,1.50,4,0,2,0,0,0,6.0,6,1,1,0,2,0,5,0,0,0,25,309,2.52,1.333,9.0,0.0,3.0,7.5,2.50,murphpa02
Joe Musgrove,PIT,NL,1,5,3.86,8,8,0,0,0,0,39.2,33,17,17,5,16,0,55,2,0,1,166,117,3.42,1.235,7.5,1.1,3.6,12.5,3.44,musgrjo01
Nick Neidert,MIA,NL,0,0,5.40,4,0,1,0,0,0,8.1,10,5,5,1,2,0,4,0,0,0,34,87,4.51,1.440,10.8,1.1,2.2,4.3,2.00,neideni01
Kyle Nelson*,CLE,AL,0,0,54.00,1,0,0,0,0,0,0.2,3,4,4,1,1,0,0,0,0,0,6,12,27.19,6.000,40.5,13.5,13.5,0.0,0.00,nelsoky01
Nick Nelson,NYY,AL,1,0,4.79,11,0,4,0,0,0,20.2,20,13,11,4,11,0,18,0,0,0,90,90,5.56,1.500,8.7,1.7,4.8,7.8,1.64,nelsoni01
Héctor Neris,PHI,NL,2,2,4.57,24,0,13,0,0,5,21.2,24,15,11,0,13,2,27,0,1,3,103,100,2.50,1.708,10.0,0.0,5.4,11.2,2.08,nerishe01
Dovydas Neverauskas,PIT,NL,0,3,7.11,17,0,7,0,0,0,19.0,24,17,15,5,10,0,23,0,0,2,89,64,5.77,1.789,11.4,2.4,4.7,10.9,2.30,neverdo01
Jake Newberry,KCR,AL,1,0,4.09,20,0,6,0,0,1,22.0,20,12,10,3,12,0,24,2,0,3,94,115,4.69,1.455,8.2,1.2,4.9,9.8,2.00,newbeja01
Sean Newcomb*,ATL,NL,0,2,11.20,4,4,0,0,0,0,13.2,20,17,17,4,6,0,10,3,0,1,70,43,7.51,1.902,13.2,2.6,4.0,6.6,1.67,newcose01
Ljay Newsome,SEA,AL,0,1,5.17,5,4,0,0,0,0,15.2,20,9,9,4,1,0,9,1,0,0,68,84,5.74,1.340,11.5,2.3,0.6,5.2,9.00,newsolj01
Juan Nicasio,TEX,AL,0,0,40.50,2,0,0,0,0,0,1.1,5,6,6,1,2,0,1,0,0,0,11,14,15.94,5.250,33.8,6.8,13.5,6.8,0.50,nicasju01
Aaron Nola,PHI,NL,5,5,3.28,12,12,0,2,1,0,71.1,54,31,26,9,23,2,96,2,0,1,289,137,3.19,1.079,6.8,1.1,2.9,12.1,4.17,nolaaa01
Daniel Norris*,DET,AL,3,1,3.25,14,1,1,0,0,0,27.2,25,10,10,2,7,0,28,0,0,0,116,140,2.87,1.157,8.1,0.7,2.3,9.1,4.00,norrida01
James Norwood,CHC,NL,0,0,16.20,3,0,0,0,0,0,1.2,4,3,3,0,1,0,0,0,0,1,9,33,4.99,3.000,21.6,0.0,5.4,0.0,0.00,norwoja01
Iván Nova,DET,AL,1,1,8.53,4,4,0,0,0,0,19.0,22,18,18,4,9,0,9,0,0,2,88,54,6.40,1.632,10.4,1.9,4.3,4.3,1.00,novaiv01
Darren O'Day,ATL,NL,4,0,1.10,19,0,1,0,0,0,16.1,8,3,2,1,5,0,22,3,0,0,67,431,2.76,0.796,4.4,0.6,2.8,12.1,4.40,odayda01
Jake Odorizzi,MIN,AL,0,1,6.59,4,4,0,0,0,0,13.2,16,10,10,4,3,0,12,1,0,0,60,67,6.12,1.390,10.5,2.6,2.0,7.9,4.00,odorija01
Shohei Ohtani,LAA,AL,0,1,37.80,2,2,0,0,0,0,1.2,3,7,7,0,8,0,3,0,0,1,16,14,13.99,6.600,16.2,0.0,43.2,16.2,0.38,ohtansh01
Josh Osich*,TOT,MLB,1,1,6.38,17,1,3,0,0,0,18.1,21,16,13,6,5,0,24,2,0,0,86,77,5.97,1.418,10.3,2.9,2.5,11.8,4.80,osichjo01
Josh Osich*,BOS,AL,1,1,5.74,13,1,3,0,0,0,15.2,16,10,10,6,5,0,20,1,0,0,70,85,6.77,1.340,9.2,3.4,2.9,11.5,4.00,osichjo01
Josh Osich*,CHC,NL,0,0,10.13,4,0,0,0,0,0,2.2,5,6,3,0,0,0,4,1,0,0,16,50,1.32,1.875,16.9,0.0,0.0,13.5,,osichjo01
Roberto Osuna,HOU,AL,0,0,2.08,4,0,2,0,0,1,4.1,3,1,1,0,0,0,3,0,0,0,16,230,1.81,0.692,6.2,0.0,0.0,6.2,,osunaro01
Corey Oswalt,NYM,NL,0,0,4.85,4,1,2,0,0,0,13.0,14,7,7,3,2,0,11,1,0,0,55,90,5.19,1.231,9.7,2.1,1.4,7.6,5.50,oswalco01
Adam Ottavino,NYY,AL,2,3,5.89,24,0,4,0,0,0,18.1,20,12,12,2,9,0,25,1,0,1,85,74,3.52,1.582,9.8,1.0,4.4,12.3,2.78,ottavad01
Johan Oviedo,STL,NL,0,3,5.47,5,5,0,0,0,0,24.2,24,18,15,3,10,0,16,5,0,4,112,77,5.30,1.378,8.8,1.1,3.6,5.8,1.60,oviedjo01
Chris Paddack,SDP,NL,4,5,4.73,12,12,0,0,0,0,59.0,60,33,31,14,12,0,58,2,0,0,245,89,5.02,1.220,9.2,2.1,1.8,8.8,4.83,paddach01
Emilio Pagán,SDP,NL,0,1,4.50,22,0,5,0,0,2,22.0,14,11,11,4,9,0,23,0,0,0,87,94,4.69,1.045,5.7,1.6,3.7,9.4,2.56,paganem01
Joe Palumbo*,TEX,AL,0,1,11.57,2,0,0,0,0,0,2.1,3,3,3,1,3,0,5,0,0,0,14,44,8.33,2.571,11.6,3.9,11.6,19.3,1.67,palumjo01
Enoli Paredes,HOU,AL,3,3,3.05,22,0,4,0,0,0,20.2,18,9,7,1,11,0,20,1,0,0,90,148,3.63,1.403,7.8,0.4,4.8,8.7,1.82,pareden01
Blake Parker,PHI,NL,3,0,2.81,14,1,4,0,0,0,16.0,12,7,5,2,9,2,25,0,0,0,69,163,3.38,1.313,6.8,1.1,5.1,14.1,2.78,parkebl01
Luis Patiño,SDP,NL,1,0,5.19,11,1,1,0,0,0,17.1,18,10,10,3,14,0,21,1,0,1,85,82,5.61,1.846,9.3,1.6,7.3,10.9,1.50,patinlu01
James Paxton*,NYY,AL,1,1,6.64,5,5,0,0,0,0,20.1,23,17,15,4,7,0,26,1,0,2,90,65,4.37,1.475,10.2,1.8,3.1,11.5,3.71,paxtoja01
Joel Payamps,ARI,NL,0,0,3.00,2,0,1,0,0,0,3.0,2,2,1,0,3,0,2,0,0,0,13,166,4.86,1.667,6.0,0.0,9.0,6.0,0.67,payamjo01
James Pazos*,COL,NL,0,0,16.88,6,0,3,0,0,0,5.1,10,10,10,3,5,0,1,0,0,0,29,32,12.94,2.813,16.9,5.1,8.4,1.7,0.20,pazosja01
Brad Peacock,HOU,AL,0,0,7.71,3,0,0,0,0,0,2.1,3,2,2,0,1,0,3,1,0,0,12,66,3.19,1.714,11.6,0.0,3.9,11.6,3.00,peacobr01
Nate Pearson,TOR,AL,1,0,6.00,5,4,0,0,0,0,18.0,14,15,12,5,13,0,16,0,0,1,81,74,7.19,1.500,7.0,2.5,6.5,8.0,1.23,pearsna01
Félix Peña,LAA,AL,3,0,4.05,25,0,5,0,0,2,26.2,27,12,12,2,8,0,29,1,0,3,115,113,3.00,1.313,9.1,0.7,2.7,9.8,3.63,penafe01
Freddy Peralta,MIL,NL,3,1,3.99,15,1,2,0,0,0,29.1,22,14,13,2,12,0,47,3,1,2,125,115,2.41,1.159,6.8,0.6,3.7,14.4,3.92,peralfr01
Wandy Peralta*,SFG,NL,1,1,3.29,25,0,9,0,0,0,27.1,22,13,10,3,11,0,25,2,1,0,114,131,4.22,1.207,7.2,1.0,3.6,8.2,2.27,peralwa01
José Peraza,BOS,AL,0,0,27.00,1,0,0,0,0,0,0.1,2,1,1,0,0,0,0,0,0,0,3,35,3.19,6.000,54.0,0.0,0.0,0.0,,perazjo01
Angel Perdomo*,MIL,NL,0,0,20.25,3,0,1,0,0,0,2.2,3,7,6,0,7,1,5,1,1,0,19,25,8.44,3.750,10.1,0.0,23.6,16.9,0.71,perdoan01
Luis Perdomo,SDP,NL,0,0,5.71,10,1,3,0,0,0,17.1,13,12,11,3,10,0,16,0,0,0,74,75,5.33,1.327,6.8,1.6,5.2,8.3,1.60,perdolu02
Cionel Pérez*,HOU,AL,0,0,2.84,7,0,1,0,0,0,6.1,7,2,2,0,6,1,8,0,0,0,32,164,3.51,2.053,9.9,0.0,8.5,11.4,1.33,perezci01
Hector Perez,TOR,AL,0,0,10.80,1,0,0,0,0,0,1.2,3,2,2,1,3,0,1,0,0,0,10,49,15.19,3.600,16.2,5.4,16.2,5.4,0.33,perezhe02
Martín Pérez*,BOS,AL,3,5,4.50,12,12,0,0,0,0,62.0,55,33,31,8,28,0,46,3,0,2,262,107,4.88,1.339,8.0,1.2,4.1,6.7,1.64,perezma02
Oliver Pérez*,CLE,AL,1,1,2.00,21,0,2,0,0,1,18.0,13,5,4,0,6,3,14,3,0,0,72,226,3.14,1.056,6.5,0.0,3.0,7.0,2.33,perezol01
Dillon Peters*,LAA,AL,0,0,16.20,1,1,0,0,0,0,1.2,3,4,3,2,0,0,2,0,0,0,9,34,16.39,1.800,16.2,10.8,0.0,10.8,,peterdi01
David Peterson*,NYM,NL,6,2,3.44,10,9,0,0,0,0,49.2,36,20,19,5,24,0,40,3,0,1,205,125,4.52,1.208,6.5,0.9,4.3,7.2,1.67,peterda01
Yusmeiro Petit,OAK,AL,2,1,1.66,26,0,6,0,0,0,21.2,19,4,4,3,5,0,17,0,0,0,88,255,4.11,1.108,7.9,1.2,2.1,7.1,3.40,petityu01
David Phelps,TOT,NL,2,4,6.53,22,0,4,0,0,0,20.2,19,16,15,7,5,0,31,1,0,1,85,71,5.47,1.161,8.3,3.0,2.2,13.5,6.20,phelpda01
David Phelps,MIL,NL,2,3,2.77,12,0,3,0,0,0,13.0,7,5,4,2,2,0,20,1,0,1,48,168,2.81,0.692,4.8,1.4,1.4,13.8,10.00,phelpda01
David Phelps,PHI,NL,0,1,12.91,10,0,1,0,0,0,7.2,12,11,11,5,3,0,11,0,0,0,37,36,9.97,1.957,14.1,5.9,3.5,12.9,3.67,phelpda01
Evan Phillips,BAL,AL,1,1,5.02,14,0,3,0,0,0,14.1,14,8,8,1,10,0,20,3,1,1,69,95,4.03,1.674,8.8,0.6,6.3,12.6,2.00,phillev01
Michael Pineda,MIN,AL,2,0,3.38,5,5,0,0,0,0,26.2,25,10,10,0,7,0,25,1,0,0,111,129,2.22,1.200,8.4,0.0,2.4,8.4,3.57,pinedmi01
Nick Pivetta,TOT,MLB,2,0,6.89,5,2,0,0,0,0,15.2,18,12,12,4,6,0,17,1,0,1,71,71,5.68,1.532,10.3,2.3,3.4,9.8,2.83,pivetni01
Nick Pivetta,PHI,NL,0,0,15.88,3,0,0,0,0,0,5.2,10,10,10,3,1,0,4,1,0,1,29,30,9.72,1.941,15.9,4.8,1.6,6.4,4.00,pivetni01
Nick Pivetta,BOS,AL,2,0,1.80,2,2,0,0,0,0,10.0,8,2,2,1,5,0,13,0,0,0,42,274,3.39,1.300,7.2,0.9,4.5,11.7,2.60,pivetni01
Kevin Plawecki,BOS,AL,0,0,0.00,1,0,1,0,0,0,0.2,0,0,0,0,1,0,0,0,0,0,3,,7.69,1.500,0.0,0.0,13.5,0.0,0.00,plaweke01
Zach Plesac,CLE,AL,4,2,2.28,8,8,0,0,0,0,55.1,38,14,14,8,6,0,57,1,0,0,206,196,3.39,0.795,6.2,1.3,1.0,9.3,9.50,plesaza01
Adam Plutko,CLE,AL,2,2,4.88,10,4,5,0,0,1,27.2,30,15,15,5,7,0,15,1,0,0,116,92,5.32,1.337,9.8,1.6,2.3,4.9,2.14,plutkad01
Drew Pomeranz*,SDP,NL,1,0,1.45,20,0,5,0,0,4,18.2,9,3,3,1,10,0,29,0,0,0,73,294,2.39,1.018,4.3,0.5,4.8,14.0,2.90,pomerdr01
Daniel Ponce de Leon,STL,NL,1,3,4.96,9,8,1,0,0,0,32.2,23,18,18,8,20,0,45,2,0,0,143,85,5.64,1.316,6.3,2.2,5.5,12.4,2.25,ponceda01
Cody Ponce,PIT,NL,1,1,3.18,5,3,1,0,0,0,17.0,12,7,6,5,6,0,12,0,0,0,66,144,6.66,1.059,6.4,2.6,3.2,6.4,2.00,ponceco01
Sean Poppen,MIN,AL,0,0,4.70,6,0,4,0,0,0,7.2,9,4,4,0,4,0,10,0,0,3,35,96,2.15,1.696,10.6,0.0,4.7,11.7,2.50,poppese01
Rick Porcello,NYM,NL,1,7,5.64,12,12,0,0,0,0,59.0,74,41,37,5,15,0,54,2,0,1,261,76,3.33,1.508,11.3,0.8,2.3,8.2,3.60,porceri01
Ryan Pressly,HOU,AL,1,3,3.43,23,0,15,0,0,12,21.0,21,10,8,2,7,1,29,1,0,1,91,131,2.81,1.333,9.0,0.9,3.0,12.4,4.14,pressry01
Cal Quantrill,TOT,MLB,2,0,2.25,18,3,2,0,0,1,32.0,31,12,8,4,8,1,31,3,0,0,135,195,3.91,1.219,8.7,1.1,2.3,8.7,3.88,quantca01
Cal Quantrill,SDP,NL,2,0,2.60,10,1,1,0,0,1,17.1,17,6,5,2,6,1,18,2,0,0,74,164,4.00,1.327,8.8,1.0,3.1,9.3,3.00,quantca01
Cal Quantrill,CLE,AL,0,0,1.84,8,2,1,0,0,0,14.2,14,6,3,2,2,0,13,1,0,0,61,246,3.80,1.091,8.6,1.2,1.2,8.0,6.50,quantca01
Johan Quezada,MIA,NL,0,0,9.00,3,0,2,0,0,0,3.0,4,3,3,1,1,0,2,0,0,0,12,56,7.19,1.667,12.0,3.0,3.0,6.0,2.00,quezajo01
José Quijada*,LAA,AL,0,1,7.36,6,0,1,0,0,0,3.2,6,4,3,1,2,0,6,1,0,0,20,67,5.92,2.182,14.7,2.5,4.9,14.7,3.00,quijajo01
José Quintana*,CHC,NL,0,0,4.50,4,1,0,0,0,0,10.0,10,5,5,1,3,0,12,0,0,1,41,103,2.99,1.300,9.0,0.9,2.7,10.8,4.00,quintjo01
Tanner Rainey,WSN,NL,1,1,2.66,20,0,1,0,0,0,20.1,8,6,6,4,7,1,32,1,1,3,75,170,3.78,0.738,3.5,1.8,3.1,14.2,4.57,raineta01
Brooks Raley*,TOT,MLB,0,1,4.95,21,0,7,0,0,1,20.0,13,12,11,3,6,0,27,4,0,0,84,94,3.94,0.950,5.9,1.4,2.7,12.2,4.50,raleybr01
Brooks Raley*,CIN,NL,0,0,9.00,4,0,2,0,0,0,4.0,5,4,4,0,2,0,6,3,0,0,22,59,3.94,1.750,11.3,0.0,4.5,13.5,3.00,raleybr01
Brooks Raley*,HOU,AL,0,1,3.94,17,0,5,0,0,1,16.0,8,8,7,3,4,0,21,1,0,0,62,115,3.94,0.750,4.5,1.7,2.3,11.8,5.25,raleybr01
Erasmo Ramírez,NYM,NL,0,0,0.63,6,0,3,0,0,1,14.1,8,1,1,1,4,0,9,0,0,0,53,695,3.68,0.837,5.0,0.6,2.5,5.7,2.25,ramirer02
Nick Ramirez*,DET,AL,0,0,5.91,5,0,1,0,0,0,10.2,8,7,7,3,4,0,11,1,0,0,46,79,6.19,1.125,6.8,2.5,3.4,9.3,2.75,ramirni01
Noé Ramirez,LAA,AL,1,0,3.00,21,0,3,0,0,0,21.0,15,7,7,2,9,2,14,1,0,1,85,153,4.52,1.143,6.4,0.9,3.9,6.0,1.56,ramirno01
Roel Ramírez,STL,NL,0,0,81.00,1,0,0,0,0,0,0.2,6,6,6,4,1,0,1,0,0,1,8,8,82.69,10.500,81.0,54.0,13.5,13.5,1.00,ramirro02
Yohan Ramirez,SEA,AL,0,0,2.61,16,0,7,0,0,3,20.2,9,6,6,3,20,1,26,4,0,2,94,165,6.05,1.403,3.9,1.3,8.7,11.3,1.30,ramiryo01
AJ Ramos,COL,NL,0,0,3.38,3,0,0,0,0,0,2.2,4,1,1,1,3,0,1,0,0,0,15,170,10.69,2.625,13.5,3.4,10.1,3.4,0.33,ramosaj01
Drew Rasmussen,MIL,NL,1,0,5.87,12,0,3,0,0,0,15.1,17,10,10,3,9,0,21,0,0,0,71,79,4.76,1.696,10.0,1.8,5.3,12.3,2.33,rasmudr01
Robbie Ray*,TOT,MLB,2,5,6.62,12,11,0,0,0,0,51.2,53,40,38,13,45,1,68,1,0,6,251,68,6.50,1.897,9.2,2.3,7.8,11.8,1.51,rayro02
Robbie Ray*,ARI,NL,1,4,7.84,7,7,0,0,0,0,31.0,31,27,27,9,31,1,43,1,0,6,154,58,7.29,2.000,9.0,2.6,9.0,12.5,1.39,rayro02
Robbie Ray*,TOR,AL,1,1,4.79,5,4,0,0,0,0,20.2,22,13,11,4,14,0,25,0,0,0,97,93,5.32,1.742,9.6,1.7,6.1,10.9,1.79,rayro02
Colin Rea,CHC,NL,1,1,5.79,9,2,3,0,0,0,14.0,15,9,9,3,2,0,10,0,0,0,62,79,4.98,1.214,9.6,1.9,1.3,6.4,5.00,reaco01
Cody Reed*,TOT,MLB,0,1,4.50,11,0,5,0,0,0,12.0,11,6,6,2,8,0,12,1,0,1,55,110,5.61,1.583,8.3,1.5,6.0,9.0,1.50,reedco01
Cody Reed*,CIN,NL,0,1,5.79,9,0,4,0,0,0,9.1,10,6,6,2,8,0,10,1,0,1,46,87,6.73,1.929,9.6,1.9,7.7,9.6,1.25,reedco01
Cody Reed*,TBR,AL,0,0,0.00,2,0,1,0,0,0,2.2,1,0,0,0,0,0,2,0,0,0,9,,1.69,0.375,3.4,0.0,0.0,6.8,,reedco01
Sean Reid-Foley,TOR,AL,1,0,1.35,5,0,2,0,0,0,6.2,3,3,1,0,6,1,6,0,0,0,30,342,4.09,1.350,4.1,0.0,8.1,8.1,1.00,reidfse01
Alex Reyes,STL,NL,2,1,3.20,15,1,5,0,0,1,19.2,14,10,7,1,14,1,27,0,0,2,86,133,3.24,1.424,6.4,0.5,6.4,12.4,1.93,reyesal02
Garrett Richards,SDP,NL,2,2,4.03,14,10,2,0,0,0,51.1,47,23,23,7,17,0,46,2,0,3,213,104,4.28,1.247,8.2,1.2,3.0,8.1,2.71,richaga01
Trevor Richards,TBR,AL,0,0,5.91,9,4,1,0,0,0,32.0,44,24,21,6,11,0,27,0,0,1,150,70,4.97,1.719,12.4,1.7,3.1,7.6,2.45,richatr01
Yacksel Ríos,PIT,NL,0,0,9.00,3,0,1,0,0,0,4.0,3,4,4,0,2,0,3,1,0,0,17,54,3.94,1.250,6.8,0.0,4.5,6.8,1.50,riosya01
Tanner Roark,TOR,AL,2,3,6.80,11,11,0,0,0,0,47.2,60,39,36,14,23,0,41,2,0,2,220,65,6.86,1.741,11.3,2.6,4.3,7.7,1.78,roarkta01
Hansel Robles,LAA,AL,0,2,10.26,18,0,5,0,0,1,16.2,19,20,19,4,10,0,20,1,0,1,80,45,5.89,1.740,10.3,2.2,5.4,10.8,2.00,robleha01
Carlos Rodón*,CHW,AL,0,2,8.22,4,2,0,0,0,0,7.2,9,7,7,1,3,0,6,1,0,1,35,56,4.89,1.565,10.6,1.2,3.5,7.0,2.00,rodonca01
Dereck Rodríguez,SFG,NL,0,0,13.50,2,0,0,0,0,0,4.0,10,6,6,2,3,0,2,0,0,0,24,34,10.94,3.250,22.5,4.5,6.8,4.5,0.67,rodride01
Joely Rodríguez*,TEX,AL,0,0,2.13,12,0,2,0,0,0,12.2,8,3,3,0,5,0,17,0,0,1,52,215,1.69,1.026,5.7,0.0,3.6,12.1,3.40,rodrijo06
José Rodríguez,LAA,AL,0,0,0.00,1,0,0,0,0,0,1.2,2,0,0,0,1,0,0,0,0,0,8,,4.99,1.800,10.8,0.0,5.4,0.0,0.00,rodrijo07
Nivaldo Rodriguez,HOU,AL,0,1,6.23,5,0,3,0,0,0,8.2,15,7,6,3,6,1,8,0,0,1,46,74,7.92,2.423,15.6,3.1,6.2,8.3,1.33,rodrini01
Richard Rodríguez,PIT,NL,3,2,2.70,24,0,15,0,0,4,23.1,15,8,7,3,5,0,34,2,0,3,93,168,2.85,0.857,5.8,1.2,1.9,13.1,6.80,rodriri05
Chaz Roe,TBR,AL,2,0,2.89,10,0,4,0,0,1,9.1,10,4,3,0,3,0,9,1,0,0,39,146,2.55,1.393,9.6,0.0,2.9,8.7,3.00,roech01
Taylor Rogers*,MIN,AL,2,4,4.05,21,0,16,0,0,9,20.0,26,14,9,2,4,0,24,1,0,1,91,108,2.84,1.500,11.7,0.9,1.8,10.8,6.00,rogerta01
Trevor Rogers*,MIA,NL,1,2,6.11,7,7,0,0,0,0,28.0,32,20,19,5,13,0,39,2,1,0,130,75,4.33,1.607,10.3,1.6,4.2,12.5,3.00,rogertr01
Tyler Rogers,SFG,NL,3,3,4.50,29,0,6,0,0,3,28.0,31,16,14,2,6,0,27,4,0,0,123,96,3.26,1.321,10.0,0.6,1.9,8.7,4.50,rogerty01
Jordan Romano,TOR,AL,2,1,1.23,15,0,3,0,0,2,14.2,8,3,2,2,5,0,21,0,0,0,57,365,3.12,0.886,4.9,1.2,3.1,12.9,4.20,romanjo03
Sal Romano,CIN,NL,1,0,0.00,2,0,1,0,0,0,1.1,0,0,0,0,0,0,0,0,0,0,4,,3.19,0.000,0.0,0.0,0.0,0.0,,romansa01
JoJo Romero*,PHI,NL,0,0,7.59,12,0,2,0,0,0,10.2,13,10,9,1,2,0,10,2,0,0,47,61,3.66,1.406,11.0,0.8,1.7,8.4,5.00,romerjo01
Seth Romero*,WSN,NL,0,0,13.50,3,0,0,0,0,0,2.2,5,4,4,1,3,0,5,0,0,1,18,37,7.69,3.000,16.9,3.4,10.1,16.9,1.67,romerse01
Sergio Romo,MIN,AL,1,2,4.05,24,0,7,0,0,5,20.0,16,9,9,3,7,0,23,3,0,0,87,108,4.34,1.150,7.2,1.4,3.2,10.4,3.29,romose01
Héctor Rondón,ARI,NL,1,0,7.65,23,0,5,0,0,0,20.0,25,18,17,6,11,2,23,1,0,3,97,60,6.59,1.800,11.3,2.7,5.0,10.4,2.09,rondohe01
Randy Rosario*,KCR,AL,0,1,8.10,4,0,1,0,0,0,3.1,7,3,3,1,3,0,4,1,0,1,21,63,8.29,3.000,18.9,2.7,8.1,10.8,1.33,rosarra01
Trevor Rosenthal,TOT,MLB,1,0,1.90,23,0,18,0,0,11,23.2,12,6,5,2,8,0,38,1,1,0,91,241,2.22,0.845,4.6,0.8,3.0,14.5,4.75,rosentr01
Trevor Rosenthal,KCR,AL,0,0,3.29,14,0,9,0,0,7,13.2,9,5,5,2,7,0,21,1,1,0,56,145,3.78,1.171,5.9,1.3,4.6,13.8,3.00,rosentr01
Trevor Rosenthal,SDP,NL,1,0,0.00,9,0,9,0,0,4,10.0,3,1,0,0,1,0,17,0,0,0,35,,0.09,0.400,2.7,0.0,0.9,15.3,17.00,rosentr01
Ramón Rosso,PHI,NL,0,1,6.52,7,1,3,0,0,0,9.2,9,7,7,1,8,0,11,1,1,3,46,71,5.05,1.759,8.4,0.9,7.4,10.2,1.38,rossora01
José Ruiz,CHW,AL,0,0,2.25,5,0,4,0,0,0,4.0,2,1,1,1,0,0,5,0,0,0,14,214,3.94,0.500,4.5,2.3,0.0,11.3,,ruizjo01
Chris Rusin*,ATL,NL,0,0,8.10,1,0,0,0,0,0,3.1,6,3,3,1,3,0,3,0,0,0,17,63,7.99,2.700,16.2,2.7,8.1,8.1,1.00,rusinch01
Kyle Ryan*,CHC,NL,1,0,5.17,18,0,2,0,0,1,15.2,16,9,9,5,6,0,11,0,0,0,66,89,7.08,1.404,9.2,2.9,3.4,6.3,1.83,ryanky01
Hyun Jin Ryu*,TOR,AL,5,2,2.69,12,12,0,0,0,0,67.0,60,22,20,6,17,0,72,1,0,1,275,164,3.01,1.149,8.1,0.8,2.3,9.7,4.24,ryuhy01
Casey Sadler,TOT,MLB,1,2,5.12,17,0,2,0,0,0,19.1,15,13,11,3,12,0,21,0,0,5,86,88,4.90,1.397,7.0,1.4,5.6,9.8,1.75,sadleca02
Casey Sadler,CHC,NL,0,0,5.79,10,0,1,0,0,0,9.1,8,6,6,2,8,0,9,0,0,3,44,80,6.62,1.714,7.7,1.9,7.7,8.7,1.13,sadleca02
Casey Sadler,SEA,AL,1,2,4.50,7,0,1,0,0,0,10.0,7,7,5,1,4,0,12,0,0,2,42,98,3.29,1.100,6.3,0.9,3.6,10.8,3.00,sadleca02
Jeff Samardzija,SFG,NL,0,2,9.72,4,4,0,0,0,0,16.2,21,19,18,7,4,0,6,2,0,0,77,45,9.01,1.500,11.3,3.8,2.2,3.2,1.50,samarje01
Carlos Sanabria,HOU,AL,0,0,9.00,2,0,2,0,0,0,2.0,3,2,2,1,3,0,2,0,0,2,12,58,12.19,3.000,13.5,4.5,13.5,9.0,0.67,sanabca01
Aníbal Sánchez,WSN,NL,4,5,6.62,11,11,0,0,0,0,53.0,70,40,39,11,18,2,43,3,2,0,245,67,5.46,1.660,11.9,1.9,3.1,7.3,2.39,sanchan01
Ricardo Sanchez*,STL,NL,0,0,6.75,3,0,1,0,0,0,5.1,5,4,4,1,5,0,4,1,1,0,27,66,7.50,1.875,8.4,1.7,8.4,6.8,0.80,sanchri01
Sixto Sánchez,MIA,NL,3,2,3.46,7,7,0,1,0,0,39.0,36,15,15,3,11,1,33,2,0,1,158,132,3.50,1.205,8.3,0.7,2.5,7.6,3.00,sanchsi01
Yolmer Sanchez,CHW,AL,0,0,9.00,1,0,1,0,0,0,1.0,2,1,1,1,0,0,0,0,0,0,4,66,16.19,2.000,18.0,9.0,0.0,0.0,,sanchca01
Patrick Sandoval*,LAA,AL,1,5,5.65,9,6,0,0,0,0,36.2,37,26,23,10,12,0,33,0,0,2,159,81,5.92,1.336,9.1,2.5,2.9,8.1,2.75,sandopa02
Dennis Santana,LAD,NL,1,2,5.29,12,0,7,0,0,0,17.0,15,11,10,4,7,0,18,2,0,1,73,84,5.72,1.294,7.9,2.1,3.7,9.5,2.57,santade01
Antonio Santos,COL,NL,0,1,16.50,3,1,0,0,0,0,6.0,14,11,11,1,4,0,4,2,0,0,35,33,7.02,3.000,21.0,1.5,6.0,6.0,1.00,santoan02
Josh Sborz,LAD,NL,0,0,2.08,4,0,3,0,0,0,4.1,2,1,1,1,1,0,2,0,0,0,16,226,5.96,0.692,4.2,2.1,2.1,4.2,2.00,sborzjo01
Max Scherzer,WSN,NL,5,4,3.74,12,12,0,1,0,0,67.1,70,30,28,10,23,1,92,1,0,6,295,119,3.46,1.381,9.4,1.3,3.1,12.3,4.00,scherma01
Clarke Schmidt,NYY,AL,0,1,7.11,3,1,2,0,0,0,6.1,7,5,5,0,5,0,7,2,0,1,33,63,4.30,1.895,9.9,0.0,7.1,9.9,1.40,schmicl01
John Schreiber,DET,AL,0,1,6.32,15,0,2,0,0,0,15.2,19,11,11,2,4,1,14,1,0,0,70,73,4.02,1.468,10.9,1.1,2.3,8.0,3.50,schrejo01
Max Schrock,STL,NL,0,0,0.00,1,0,1,0,0,0,1.0,0,0,0,0,0,0,0,0,0,0,3,,3.19,0.000,0.0,0.0,0.0,0.0,,schroma01
Tanner Scott*,BAL,AL,0,0,1.31,25,0,6,0,0,1,20.2,12,5,3,1,10,0,23,3,0,4,86,361,3.48,1.065,5.2,0.4,4.4,10.0,2.30,scottta01
Andre Scrubb,HOU,AL,1,0,1.90,20,0,4,0,0,1,23.2,15,5,5,1,20,1,24,0,0,1,102,236,4.25,1.479,5.7,0.4,7.6,9.1,1.20,scruban01
Sam Selman*,SFG,NL,1,1,3.72,24,0,8,0,0,1,19.1,13,8,8,2,9,0,23,2,0,2,82,116,3.86,1.138,6.1,0.9,4.2,10.7,2.56,selmasa01
Antonio Senzatela,COL,NL,5,3,3.44,12,12,0,1,0,0,73.1,71,29,28,9,18,0,41,4,0,0,303,151,4.57,1.214,8.7,1.1,2.2,5.0,2.28,senzaan01
Paul Sewald,NYM,NL,0,0,13.50,5,0,1,0,0,0,6.0,12,9,9,1,4,0,2,1,0,0,35,33,7.19,2.667,18.0,1.5,6.0,3.0,0.50,sewalpa01
Justin Shafer,MIA,NL,0,0,12.71,5,0,0,0,0,0,5.2,8,8,8,2,4,0,5,1,0,0,30,38,8.66,2.118,12.7,3.2,6.4,7.9,1.25,shafeju01
Sterling Sharp,MIA,NL,0,0,10.13,4,0,0,0,0,0,5.1,7,7,6,1,5,0,3,1,0,0,29,48,7.88,2.250,11.8,1.7,8.4,5.1,0.60,sharpst01
Bryan Shaw,SEA,AL,1,0,18.00,6,0,1,0,0,0,6.0,13,12,12,1,6,0,4,1,0,0,38,25,7.52,3.167,19.5,1.5,9.0,6.0,0.67,shawbr01
Justus Sheffield*,SEA,AL,4,3,3.58,10,10,0,0,0,0,55.1,52,23,22,2,20,0,48,3,0,1,232,119,3.17,1.301,8.5,0.3,3.3,7.8,2.40,sheffju01
Ryan Sherriff*,TBR,AL,1,0,0.00,10,0,3,0,0,1,9.2,6,0,0,0,2,0,2,0,0,0,34,,3.40,0.828,5.6,0.0,1.9,1.9,1.00,sherrry01
Matt Shoemaker,TOR,AL,0,1,4.71,6,6,0,0,0,0,28.2,22,16,15,8,9,0,26,0,0,0,115,94,5.95,1.081,6.9,2.5,2.8,8.2,2.89,shoemma01
Chasen Shreve*,NYM,NL,1,0,3.96,17,0,1,0,0,0,25.0,17,12,11,4,12,0,34,0,0,0,102,109,3.99,1.160,6.1,1.4,4.3,12.2,2.83,shrevch01
Lucas Sims,CIN,NL,3,0,2.45,20,0,5,0,0,0,25.2,13,10,7,3,11,0,34,3,0,0,103,201,3.70,0.935,4.6,1.1,3.9,11.9,3.09,simslu01
Brady Singer,KCR,AL,4,5,4.06,12,12,0,0,0,0,64.1,52,29,29,8,23,0,61,2,1,5,263,115,4.08,1.166,7.3,1.1,3.2,8.5,2.65,singebr01
Tarik Skubal*,DET,AL,1,4,5.63,8,7,0,0,0,0,32.0,28,21,20,9,11,0,37,2,0,0,134,81,5.75,1.219,7.9,2.5,3.1,10.4,3.36,skubata01
Aaron Slegers,TBR,AL,0,0,3.46,11,1,3,0,0,2,26.0,18,10,10,1,5,2,19,2,0,0,101,119,3.04,0.885,6.2,0.3,1.7,6.6,3.80,slegeaa01
Devin Smeltzer*,MIN,AL,2,0,6.75,7,1,2,0,0,0,16.0,19,12,12,2,5,0,15,1,0,0,72,65,4.07,1.500,10.7,1.1,2.8,8.4,3.00,smeltde01
Burch Smith,OAK,AL,2,0,2.25,6,0,3,0,0,1,12.0,7,3,3,1,1,0,13,0,0,0,44,191,2.36,0.667,5.3,0.8,0.8,9.8,13.00,smithbu03
Caleb Smith*,TOT,NL,0,0,2.57,5,4,0,0,0,0,14.0,6,4,4,3,12,0,15,0,0,0,60,183,6.41,1.286,3.9,1.9,7.7,9.6,1.25,smithca03
Caleb Smith*,MIA,NL,0,0,3.00,1,1,0,0,0,0,3.0,1,1,1,1,6,0,3,0,0,0,15,168,11.52,2.333,3.0,3.0,18.0,9.0,0.50,smithca03
Caleb Smith*,ARI,NL,0,0,2.45,4,3,0,0,0,0,11.0,5,3,3,2,6,0,12,0,0,0,45,188,5.01,1.000,4.1,1.6,4.9,9.8,2.00,smithca03
Drew Smith,NYM,NL,0,1,6.43,8,0,3,0,0,0,7.0,6,6,5,2,2,1,7,0,0,1,29,70,5.76,1.143,7.7,2.6,2.6,9.0,3.50,smithdr01
Josh A. Smith,MIA,NL,1,1,6.84,16,1,2,0,0,1,26.1,33,21,20,3,11,2,18,1,0,0,121,67,4.67,1.671,11.3,1.0,3.8,6.2,1.64,smithjo07
Josh D. Smith*,MIA,NL,0,0,10.80,2,0,0,0,0,0,1.2,2,2,2,1,1,0,4,2,0,0,10,50,11.59,1.800,10.8,5.4,5.4,21.6,4.00,smithjo08
Riley Smith,ARI,NL,2,0,1.47,6,0,5,0,0,0,18.1,15,3,3,1,5,0,18,0,0,0,70,310,2.75,1.091,7.4,0.5,2.5,8.8,3.60,smithri01
Will Smith*,ATL,NL,2,2,4.50,18,0,1,0,0,0,16.0,11,8,8,7,4,0,18,0,0,0,62,106,7.38,0.938,6.2,3.9,2.3,10.1,4.50,smithwi04
Drew Smyly*,SFG,NL,0,1,3.42,7,5,0,0,0,0,26.1,20,11,10,2,9,0,42,0,0,1,111,126,2.01,1.101,6.8,0.7,3.1,14.4,4.67,smylydr01
Cy Sneed,HOU,AL,0,3,5.71,18,0,8,0,0,0,17.1,22,15,11,3,10,2,21,0,0,1,83,79,4.75,1.846,11.4,1.6,5.2,10.9,2.10,sneedcy01
Blake Snell*,TBR,AL,4,2,3.24,11,11,0,0,0,0,50.0,42,19,18,10,18,0,63,0,0,7,203,127,4.35,1.200,7.6,1.8,3.2,11.3,3.50,snellbl01
Chad Sobotka,ATL,NL,0,0,12.27,4,0,3,0,0,0,3.2,6,5,5,0,2,0,2,0,0,2,20,41,3.74,2.182,14.7,0.0,4.9,4.9,1.00,sobotch01
Joakim Soria,OAK,AL,2,2,2.82,22,0,4,0,0,2,22.1,18,8,7,1,10,3,24,0,0,0,96,150,2.97,1.254,7.3,0.4,4.0,9.7,2.40,soriajo01
Michael Soroka,ATL,NL,0,1,3.95,3,3,0,0,0,0,13.2,11,7,6,0,7,0,8,1,0,1,57,121,3.78,1.317,7.2,0.0,4.6,5.3,1.14,sorokmi01
Gregory Soto*,DET,AL,0,1,4.30,27,0,6,0,0,2,23.0,16,11,11,2,13,0,29,2,0,3,98,106,3.76,1.261,6.3,0.8,5.1,11.3,2.23,sotogr01
Glenn Sparkman,KCR,AL,0,0,5.40,4,0,0,0,0,0,5.0,9,6,3,0,1,0,2,0,0,0,27,92,2.99,2.000,16.2,0.0,1.8,3.6,2.00,sparkgl01
Gabe Speier*,KCR,AL,0,1,7.94,8,0,3,0,0,0,5.2,9,5,5,1,4,0,6,0,0,0,30,62,5.49,2.294,14.3,1.6,6.4,9.5,1.50,speiega01
Jeffrey Springs*,BOS,AL,0,2,7.08,16,0,8,0,0,0,20.1,30,18,16,5,7,1,28,1,0,2,99,69,4.81,1.820,13.3,2.2,3.1,12.4,4.00,sprinje01
Craig Stammen,SDP,NL,4,2,5.63,24,0,6,0,0,0,24.0,27,16,15,2,4,0,20,2,0,0,105,75,3.36,1.292,10.1,0.8,1.5,7.5,5.00,stammcr01
Ryne Stanek,MIA,NL,0,0,7.20,9,0,3,0,0,0,10.0,11,8,8,3,8,1,11,0,0,0,48,65,7.29,1.900,9.9,2.7,7.2,9.9,1.38,stanery01
Cody Stashak,MIN,AL,1,0,3.00,11,0,1,0,0,0,15.0,11,5,5,2,3,0,17,0,0,1,57,146,3.26,0.933,6.6,1.2,1.8,10.2,5.67,stashco01
Josh Staumont,KCR,AL,2,1,2.45,26,0,3,0,0,0,25.2,20,8,7,2,16,0,37,3,0,1,112,192,3.54,1.403,7.0,0.7,5.6,13.0,2.31,staumjo01
Robert Stephenson,CIN,NL,0,0,9.90,10,0,4,0,0,0,10.0,11,11,11,8,3,0,13,1,0,0,43,51,12.19,1.400,9.9,7.2,2.7,11.7,4.33,stephro01
Jonathan Stiever,CHW,AL,0,1,9.95,2,2,0,0,0,0,6.1,7,7,7,4,4,0,3,0,0,0,29,47,12.35,1.737,9.9,5.7,5.7,4.3,0.75,stievjo01
Robert Stock,BOS,AL,0,1,4.73,10,0,4,0,0,0,13.1,16,9,7,0,10,0,14,0,0,3,62,104,3.34,1.950,10.8,0.0,6.8,9.5,1.40,stockro01
Matt Strahm*,SDP,NL,0,1,2.61,19,0,2,0,0,0,20.2,14,6,6,3,4,0,15,5,0,1,83,162,4.93,0.871,6.1,1.3,1.7,6.5,3.75,strahma01
Stephen Strasburg,WSN,NL,0,1,10.80,2,2,0,0,0,0,5.0,8,6,6,1,1,0,2,0,0,0,23,44,5.59,1.800,14.4,1.8,1.8,3.6,2.00,strasst01
Chris Stratton,PIT,NL,2,1,3.90,27,0,3,0,0,0,30.0,26,19,13,3,13,0,39,0,0,1,131,116,3.19,1.300,7.8,0.9,3.9,11.7,3.00,stratch01
Hunter Strickland,NYM,NL,0,1,8.10,4,0,2,0,0,0,3.1,5,4,3,0,1,0,4,0,0,0,16,58,1.69,1.800,13.5,0.0,2.7,10.8,4.00,strichu01
Ross Stripling,TOT,MLB,3,3,5.84,12,9,1,0,0,1,49.1,56,37,32,13,18,0,40,1,0,1,220,76,6.15,1.500,10.2,2.4,3.3,7.3,2.22,stripro01
Ross Stripling,LAD,NL,3,1,5.61,7,7,0,0,0,0,33.2,38,26,21,12,11,0,27,1,0,1,150,78,7.29,1.455,10.2,3.2,2.9,7.2,2.45,stripro01
Ross Stripling,TOR,AL,0,2,6.32,5,2,1,0,0,1,15.2,18,11,11,1,7,0,13,0,0,0,70,71,3.70,1.596,10.3,0.6,4.0,7.5,1.86,stripro01
Pedro Strop,CIN,NL,0,0,3.86,4,0,0,0,0,0,2.1,1,3,1,0,6,0,3,0,0,1,15,144,8.33,3.000,3.9,0.0,23.1,11.6,0.50,stroppe01
Andrew Suárez*,SFG,NL,0,0,3.72,6,0,1,0,0,0,9.2,9,4,4,1,6,0,5,0,0,1,42,119,5.36,1.552,8.4,0.9,5.6,4.7,0.83,suarean01
José Suarez*,LAA,AL,0,2,38.57,2,2,0,0,0,0,2.1,10,10,10,1,5,0,2,1,0,1,23,13,14.76,6.429,38.6,3.9,19.3,7.7,0.40,suarejo01
Ranger Suárez*,PHI,NL,0,1,20.25,3,0,1,0,0,0,4.0,10,9,9,1,4,0,1,1,0,0,26,24,9.69,3.500,22.5,2.3,9.0,2.3,0.25,suarera01
Wander Suero,WSN,NL,2,0,3.80,22,0,2,0,0,0,23.2,20,10,10,1,10,2,28,3,0,2,102,118,3.02,1.268,7.6,0.4,3.8,10.6,2.80,suerowa01
Cole Sulser,BAL,AL,1,5,5.56,19,0,9,0,0,5,22.2,17,18,14,2,17,1,19,0,0,1,100,85,4.91,1.500,6.8,0.8,6.8,7.5,1.12,sulseco01
Brent Suter*,MIL,NL,2,0,3.13,16,4,1,0,0,0,31.2,30,13,11,4,5,0,38,1,0,0,129,146,3.00,1.105,8.5,1.1,1.4,10.8,7.60,suterbr01
Erik Swanson,SEA,AL,0,2,12.91,9,0,2,0,0,0,7.2,11,12,11,3,2,0,9,2,0,1,37,34,7.50,1.696,12.9,3.5,2.3,10.6,4.50,swanser01
Masahiro Tanaka,NYY,AL,3,3,3.56,10,10,0,0,0,0,48.0,48,25,19,9,8,0,44,2,0,0,197,120,4.42,1.167,9.0,1.7,1.5,8.3,5.50,tanakma01
Domingo Tapia,BOS,AL,0,0,2.08,5,0,0,0,0,0,4.1,4,1,1,1,2,0,4,0,0,0,19,247,5.73,1.385,8.3,2.1,4.2,8.3,2.00,tapiado01
Stephen Tarpley*,MIA,NL,2,2,9.00,12,0,3,0,0,1,11.0,11,12,11,2,8,2,11,3,0,0,53,52,6.55,1.727,9.0,1.6,6.5,9.0,1.38,tarplst01
Dillon Tate,BAL,AL,1,1,3.24,12,0,1,0,0,0,16.2,9,7,6,1,5,0,14,2,1,1,64,146,3.55,0.840,4.9,0.5,2.7,7.6,2.80,tatedi01
Blake Taylor*,HOU,AL,2,1,2.18,22,0,5,0,0,1,20.2,13,7,5,2,12,1,17,0,1,1,87,207,4.55,1.210,5.7,0.9,5.2,7.4,1.42,taylobl01
Josh Taylor*,BOS,AL,1,1,9.82,8,0,1,0,0,0,7.1,7,8,8,2,5,0,7,1,0,0,36,51,7.28,1.636,8.6,2.5,6.1,8.6,1.40,taylojo02
Julio Teheran,LAA,AL,0,4,10.05,10,9,0,0,0,0,31.1,39,35,35,12,16,0,20,2,0,1,149,45,8.62,1.755,11.2,3.4,4.6,5.7,1.25,teherju01
Ryan Tepera,CHC,NL,0,1,3.92,21,0,1,0,0,0,20.2,17,9,9,2,12,0,31,1,0,1,89,116,3.34,1.403,7.4,0.9,5.2,13.5,2.58,teperry01
Caleb Thielbar*,MIN,AL,2,1,2.25,17,0,3,0,0,0,20.0,14,6,5,0,9,0,22,0,0,2,82,194,2.34,1.150,6.3,0.0,4.1,9.9,2.44,thielca01
Ryan Thompson,TBR,AL,1,2,4.44,25,1,3,0,0,1,26.1,29,15,13,4,8,0,23,0,1,0,114,93,4.33,1.405,9.9,1.4,2.7,7.9,2.88,thompry02
Tyler Thornburg,CIN,NL,0,0,3.86,7,0,2,0,0,0,7.0,6,3,3,0,5,0,10,0,0,1,32,132,2.48,1.571,7.7,0.0,6.4,12.9,2.00,thornty01
Trent Thornton,TOR,AL,0,0,11.12,3,3,0,0,0,0,5.2,15,7,7,0,3,0,6,0,0,0,33,42,2.66,3.176,23.8,0.0,4.8,9.5,2.00,thorntr01
Lewis Thorpe*,MIN,AL,0,1,6.06,7,1,3,0,0,0,16.1,24,12,11,4,10,0,10,0,0,0,77,72,6.99,2.082,13.2,2.2,5.5,5.5,1.00,thorple01
Jesus Tinoco,TOT,NL,0,0,1.04,6,0,3,0,0,0,8.2,3,1,1,0,7,0,6,0,0,2,32,496,4.23,1.154,3.1,0.0,7.3,6.2,0.86,tinocje01
Jesus Tinoco,MIA,NL,0,0,0.00,3,0,1,0,0,0,5.0,0,0,0,0,3,0,3,0,0,0,15,,3.79,0.600,0.0,0.0,5.4,5.4,1.00,tinocje01
Jesus Tinoco,COL,NL,0,0,2.45,3,0,2,0,0,0,3.2,3,1,1,0,4,0,3,0,0,2,17,227,4.83,1.909,7.4,0.0,9.8,7.4,0.75,tinocje01
Josh Tomlin,ATL,NL,2,2,4.76,17,5,2,0,0,0,39.2,40,22,21,6,8,2,36,1,0,1,163,99,4.02,1.210,9.1,1.4,1.8,8.2,4.50,tomlijo01
Justin Topa,MIL,NL,0,1,2.35,6,0,2,0,0,0,7.2,7,3,2,1,0,0,12,0,0,0,30,201,1.76,0.913,8.2,1.2,0.0,14.1,,topaju01
Touki Toussaint,ATL,NL,0,2,8.88,7,5,0,0,0,0,24.1,27,28,24,7,16,0,30,5,0,2,120,53,7.05,1.767,10.0,2.6,5.9,11.1,1.88,toussto01
Blake Treinen,LAD,NL,3,3,3.86,27,0,3,0,0,1,25.2,23,15,11,1,8,1,22,2,0,2,107,114,3.15,1.208,8.1,0.4,2.8,7.7,2.75,treinbl01
Andrew Triggs,TOT,MLB,0,2,7.56,5,2,1,0,0,0,8.1,8,7,7,3,6,0,7,0,0,0,39,68,8.35,1.680,8.6,3.2,6.5,7.6,1.17,triggan01
Andrew Triggs,SFG,NL,0,1,81.00,1,0,0,0,0,0,0.1,0,3,3,0,3,0,0,0,0,0,4,11,30.19,9.000,0.0,0.0,81.0,0.0,0.00,triggan01
Andrew Triggs,BOS,AL,0,1,4.50,4,2,1,0,0,0,8.0,8,4,4,3,3,0,7,0,0,0,35,110,7.44,1.375,9.0,3.4,3.4,7.9,2.33,triggan01
Lou Trivino,OAK,AL,0,0,3.86,20,0,9,0,0,0,23.1,16,10,10,3,10,0,26,0,0,1,93,110,3.92,1.114,6.2,1.2,3.9,10.0,2.60,trivilo01
Nick Tropeano,PIT,NL,1,0,1.15,7,0,2,0,0,0,15.2,14,2,2,1,4,0,19,1,0,1,66,399,2.55,1.149,8.0,0.6,2.3,10.9,4.75,tropeni01
Nik Turley*,PIT,NL,0,3,4.98,25,0,3,0,0,1,21.2,13,13,12,1,11,1,20,3,1,1,92,91,3.88,1.108,5.4,0.4,4.6,8.3,1.82,turleni01
Spencer Turnbull,DET,AL,4,4,3.97,11,11,0,0,0,0,56.2,47,25,25,2,29,1,51,2,0,0,242,114,3.49,1.341,7.5,0.3,4.6,8.1,1.76,turnbsp01
Duane Underwood Jr.,CHC,NL,1,0,5.66,17,0,3,0,0,0,20.2,25,13,13,5,6,1,27,1,0,2,88,80,4.74,1.500,10.9,2.2,2.6,11.8,4.50,underdu01
José Ureña,MIA,NL,0,3,5.40,5,5,0,0,0,0,23.1,22,15,14,4,13,0,15,2,0,1,104,85,6.06,1.500,8.5,1.5,5.0,5.8,1.15,urenajo01
Julio Urías*,LAD,NL,3,0,3.27,11,10,0,0,0,0,55.0,45,20,20,5,18,0,45,0,0,2,224,134,3.72,1.145,7.4,0.8,2.9,7.4,2.50,uriasju01
José Urquidy,HOU,AL,1,1,2.73,5,5,0,0,0,0,29.2,22,9,9,4,8,0,17,1,0,0,116,164,4.71,1.011,6.7,1.2,2.4,5.2,2.13,urquijo01
César Valdez,BAL,AL,1,1,1.26,9,0,7,0,0,3,14.1,7,3,2,0,3,0,12,0,0,1,53,379,2.14,0.698,4.4,0.0,1.9,7.5,4.00,valdece01
Framber Valdez*,HOU,AL,5,3,3.57,11,10,0,0,0,0,70.2,63,32,28,5,16,0,76,5,1,6,288,125,2.85,1.118,8.0,0.6,2.0,9.7,4.75,valdefr01
Phillips Valdez,BOS,AL,1,1,3.26,24,0,5,0,0,0,30.1,33,16,11,3,16,0,30,3,0,0,137,148,4.38,1.615,9.8,0.9,4.7,8.9,1.88,valdeph01
Vince Velasquez,PHI,NL,1,1,5.56,9,7,0,0,0,0,34.0,36,21,21,5,17,1,46,3,0,0,154,81,4.16,1.559,9.5,1.3,4.5,12.2,2.71,velasvi01
Pat Venditte#,MIA,NL,0,0,0.00,3,0,2,0,0,0,4.1,1,0,0,0,0,0,5,2,0,0,15,,2.27,0.231,2.1,0.0,0.0,10.4,,vendipa01
Justin Verlander,HOU,AL,1,0,3.00,1,1,0,0,0,0,6.0,3,2,2,2,1,0,7,0,0,0,21,156,5.69,0.667,4.5,3.0,1.5,10.5,7.00,verlaju01
Alex Vesia*,MIA,NL,0,1,18.69,5,0,0,0,0,0,4.1,7,10,9,3,7,0,5,0,0,0,27,26,14.73,3.231,14.5,6.2,14.5,10.4,0.71,vesiaal01
Nick Vincent,MIA,NL,1,2,4.43,21,0,8,0,0,3,22.1,23,11,11,5,6,0,17,1,0,0,92,104,5.52,1.299,9.3,2.0,2.4,6.9,2.83,vinceni01
Edinson Volquez,TEX,AL,2,1,6.35,7,0,3,0,0,0,5.2,6,4,4,0,2,0,3,1,0,0,26,75,3.72,1.412,9.5,0.0,3.2,4.8,1.50,volqued01
Austin Voth,WSN,NL,2,5,6.34,11,11,0,1,0,0,49.2,57,36,35,14,18,2,44,4,0,1,225,70,6.41,1.510,10.3,2.5,3.3,8.0,2.44,vothau01
Michael Wacha,NYM,NL,1,4,6.62,8,7,0,0,0,0,34.0,46,26,25,9,7,0,37,2,0,2,156,65,5.25,1.559,12.2,2.4,1.9,9.8,5.29,wachami01
Brandon Waddell*,PIT,NL,0,0,2.70,2,0,1,0,0,0,3.1,2,1,1,0,2,0,2,0,0,0,14,183,3.79,1.200,5.4,0.0,5.4,5.4,1.00,waddebr01
Jacob Waguespack,TOR,AL,0,0,8.15,11,0,2,0,0,0,17.2,27,20,16,2,9,0,16,2,0,0,90,55,4.72,2.038,13.8,1.0,4.6,8.2,1.78,wagueja01
Bobby Wahl,MIL,NL,0,1,11.57,3,0,1,0,0,0,2.1,4,3,3,2,0,0,1,0,0,0,11,45,13.48,1.714,15.4,7.7,0.0,3.9,,wahlbo01
Adam Wainwright,STL,NL,5,3,3.15,10,10,0,2,0,0,65.2,54,25,23,9,15,0,54,2,0,0,262,133,4.10,1.051,7.4,1.2,2.1,7.4,3.60,wainwad01
Marcus Walden,BOS,AL,0,2,9.45,15,0,4,0,0,1,13.1,23,18,14,5,9,0,10,0,0,1,71,52,8.59,2.400,15.5,3.4,6.1,6.8,1.11,waldema01
Neil Walker,PHI,NL,0,0,0.00,1,0,1,0,0,0,0.2,0,0,0,0,1,0,0,0,0,0,3,,7.69,1.500,0.0,0.0,13.5,0.0,0.00,walkene01
Taijuan Walker,TOT,AL,4,3,2.70,11,11,0,0,0,0,53.1,43,23,16,8,19,0,50,4,0,1,225,162,4.56,1.163,7.3,1.4,3.2,8.4,2.63,walketa01
Taijuan Walker,SEA,AL,2,2,4.00,5,5,0,0,0,0,27.0,21,13,12,5,8,0,25,3,0,0,112,108,4.97,1.074,7.0,1.7,2.7,8.3,3.13,walketa01
Taijuan Walker,TOR,AL,2,1,1.37,6,6,0,0,0,0,26.1,22,10,4,3,11,0,25,1,0,1,113,325,4.14,1.253,7.5,1.0,3.8,8.5,2.27,walketa01
Tony Watson*,SFG,NL,1,0,2.50,21,0,4,0,0,2,18.0,13,8,5,3,3,0,15,1,0,0,73,174,4.36,0.889,6.5,1.5,1.5,7.5,5.00,watsoto01
Luke Weaver,ARI,NL,1,9,6.58,12,12,0,0,0,0,52.0,63,39,38,10,18,0,55,1,0,0,236,69,4.67,1.558,10.9,1.7,3.1,9.5,3.06,weavelu01
Jacob Webb,ATL,NL,0,0,0.00,8,0,4,0,0,0,10.0,7,2,0,0,5,1,10,0,0,0,40,,2.69,1.200,6.3,0.0,4.5,9.0,2.00,webbja01
Logan Webb,SFG,NL,3,4,5.47,13,11,0,0,0,0,54.1,61,38,33,4,24,1,46,7,0,3,246,78,4.17,1.564,10.1,0.7,4.0,7.6,1.92,webblo01
Tyler Webb*,STL,NL,1,1,2.08,21,0,5,0,0,1,21.2,17,5,5,2,7,0,19,0,0,1,87,204,3.61,1.108,7.1,0.8,2.9,7.9,2.71,webbty01
Ryan Weber,BOS,AL,1,3,4.40,17,5,3,0,0,0,43.0,44,23,21,8,14,0,27,3,0,1,185,110,5.54,1.349,9.2,1.7,2.9,5.7,1.93,weberry01
Jordan Weems,OAK,AL,0,0,3.21,9,0,4,0,0,0,14.0,10,5,5,1,7,0,18,0,0,2,58,133,3.05,1.214,6.4,0.6,4.5,11.6,2.57,weemsjo01
Patrick Weigel,ATL,NL,0,0,27.00,1,0,0,0,0,0,0.2,2,2,2,0,3,0,0,0,0,1,7,26,16.69,7.500,27.0,0.0,40.5,0.0,0.00,weigepa01
J.B. Wendelken,OAK,AL,1,1,1.80,21,0,6,0,0,0,25.0,17,8,5,2,11,0,31,0,0,2,106,235,3.07,1.120,6.1,0.7,4.0,11.2,2.82,wendejb01
Zack Wheeler,PHI,NL,4,2,2.92,11,11,0,0,0,0,71.0,67,26,23,3,16,2,53,7,0,0,288,154,3.22,1.169,8.5,0.4,2.0,6.7,3.31,wheelza01
Mitch White,LAD,NL,1,0,0.00,2,0,2,0,0,0,3.0,1,0,0,0,1,0,2,0,0,0,11,,2.86,0.667,3.0,0.0,3.0,6.0,2.00,whitemi03
Kodi Whitley,STL,NL,0,0,1.93,4,0,1,0,0,0,4.2,2,1,1,1,1,0,5,0,0,0,17,233,4.48,0.643,3.9,1.9,1.9,9.6,5.00,whitlko01
Rowan Wick,CHC,NL,0,1,3.12,19,0,6,0,0,4,17.1,18,6,6,1,6,1,20,0,0,0,74,147,2.67,1.385,9.3,0.5,3.1,10.4,3.33,wickro01
Taylor Widener,ARI,NL,0,1,4.50,12,0,4,0,0,0,20.0,14,10,10,5,12,1,22,3,0,0,88,101,6.49,1.300,6.3,2.3,5.4,9.9,1.83,widenta01
Brad Wieck*,CHC,NL,0,0,18.00,1,0,0,0,0,0,1.0,1,2,2,1,1,0,2,0,0,0,5,33,15.19,2.000,9.0,9.0,9.0,18.0,2.00,wieckbr01
Devin Williams,MIL,NL,4,1,0.33,22,0,1,0,0,0,27.0,8,4,1,1,9,0,53,1,0,3,100,1375,0.86,0.630,2.7,0.3,3.0,17.7,5.89,willide03
Taylor Williams,TOT,MLB,1,1,6.14,15,0,9,0,0,6,14.2,14,10,10,1,7,1,20,3,1,6,67,73,3.40,1.432,8.6,0.6,4.3,12.3,2.86,willita01
Taylor Williams,SEA,AL,1,1,5.93,14,0,9,0,0,6,13.2,12,9,9,1,7,1,19,3,1,6,62,74,3.56,1.390,7.9,0.7,4.6,12.5,2.71,willita01
Taylor Williams,SDP,NL,0,0,9.00,1,0,0,0,0,0,1.0,2,1,1,0,0,0,1,0,0,0,5,63,1.19,2.000,18.0,0.0,0.0,9.0,,willita01
Trevor Williams,PIT,NL,2,8,6.18,11,11,0,0,0,0,55.1,66,42,38,15,21,0,49,4,0,1,252,73,6.30,1.572,10.7,2.4,3.4,8.0,2.33,willitr01
Bryse Wilson,ATL,NL,1,0,4.02,6,2,2,0,0,1,15.2,18,7,7,2,9,0,15,1,0,0,73,118,4.85,1.723,10.3,1.1,5.2,8.6,1.67,wilsobr02
Justin Wilson*,NYM,NL,2,1,3.66,23,0,2,0,0,0,19.2,18,10,8,1,9,1,23,1,0,3,86,118,3.04,1.373,8.2,0.5,4.1,10.5,2.56,wilsoju10
Dan Winkler,CHC,NL,0,0,2.95,18,0,4,0,0,0,18.1,11,7,6,3,11,0,18,1,1,0,76,155,5.32,1.200,5.4,1.5,5.4,8.8,1.64,winklda01
Matt Wisler,MIN,AL,0,1,1.07,18,4,3,0,0,1,25.1,15,3,3,2,14,0,35,2,1,1,107,408,3.35,1.145,5.3,0.7,5.0,12.4,2.50,wislema01
Nick Wittgren,CLE,AL,2,0,3.42,25,0,6,0,0,0,23.2,18,9,9,4,6,2,28,5,0,0,98,131,4.42,1.014,6.8,1.5,2.3,10.6,4.67,wittgni01
Asher Wojciechowski,BAL,AL,1,3,6.81,10,7,2,0,0,0,37.0,45,29,28,11,15,0,31,1,0,0,168,69,6.68,1.622,10.9,2.7,3.6,7.5,2.07,wojcias01
Alex Wood*,LAD,NL,0,1,6.39,9,2,2,0,0,0,12.2,17,11,9,2,6,1,15,3,0,1,65,70,5.01,1.816,12.1,1.4,4.3,10.7,2.50,woodal02
Jake Woodford,STL,NL,1,0,5.57,12,1,4,0,0,0,21.0,20,13,13,7,5,0,16,0,0,1,85,76,6.71,1.190,8.6,3.0,2.1,6.9,3.20,woodfja01
Brandon Woodruff,MIL,NL,3,5,3.05,13,13,0,1,0,0,73.2,55,26,25,9,18,0,91,4,0,1,293,149,3.20,0.991,6.7,1.1,2.2,11.1,5.06,woodrbr01
Brandon Workman,TOT,MLB,1,4,5.95,21,0,15,0,0,9,19.2,31,14,13,4,13,2,23,0,0,0,101,80,5.48,2.237,14.2,1.8,5.9,10.5,1.77,workmbr01
Brandon Workman,BOS,AL,0,0,4.05,7,0,6,0,0,4,6.2,8,3,3,0,4,0,8,0,0,0,31,124,2.59,1.800,10.8,0.0,5.4,10.8,2.00,workmbr01
Brandon Workman,PHI,NL,1,4,6.92,14,0,9,0,0,5,13.0,23,11,10,4,9,2,15,0,0,0,70,66,6.96,2.462,15.9,2.8,6.2,10.4,1.67,workmbr01
Kyle Wright,ATL,NL,2,4,5.21,8,8,0,0,0,0,38.0,35,23,22,7,24,1,30,0,0,1,168,90,5.90,1.553,8.3,1.7,5.7,7.1,1.25,wrighky01
Jimmy Yacabonis,SEA,AL,0,1,3.86,2,1,1,0,0,0,2.1,2,1,1,0,3,0,1,1,0,0,13,127,7.48,2.143,7.7,0.0,11.6,3.9,0.33,yacabji01
Miguel Yajure,NYY,AL,0,0,1.29,3,0,3,0,0,0,7.0,3,1,1,1,5,0,8,1,0,1,29,347,5.33,1.143,3.9,1.3,6.4,10.3,1.60,yajurmi01
Shun Yamaguchi,TOR,AL,2,4,8.06,17,0,7,0,0,0,25.2,28,25,23,6,17,0,26,2,1,2,120,55,6.42,1.753,9.8,2.1,6.0,9.1,1.53,yamagsh01
Jordan Yamamoto,MIA,NL,0,1,18.26,4,3,0,0,0,0,11.1,27,24,23,8,7,0,13,0,0,0,67,26,11.93,3.000,21.4,6.4,5.6,10.3,1.86,yamamjo01
Ryan Yarbrough*,TBR,AL,1,4,3.56,11,9,0,0,0,0,55.2,54,22,22,5,12,1,44,7,0,2,234,115,3.80,1.186,8.7,0.8,1.9,7.1,3.67,yarbrry01
Eric Yardley,MIL,NL,2,0,1.54,24,0,4,0,0,0,23.1,19,6,4,2,10,0,19,1,0,0,97,298,4.09,1.243,7.3,0.8,3.9,7.3,1.90,yardler01
Kirby Yates,SDP,NL,0,1,12.46,6,0,3,0,0,2,4.1,7,6,6,1,4,0,8,0,0,2,25,36,5.27,2.538,14.5,2.1,8.3,16.6,2.00,yateski01
Huascar Ynoa,ATL,NL,0,0,5.82,9,5,1,0,0,0,21.2,23,14,14,2,13,1,17,2,1,2,100,81,4.90,1.662,9.6,0.8,5.4,7.1,1.31,ynoahu01
Alex Young*,ARI,NL,2,4,5.44,15,7,0,0,0,0,46.1,51,30,28,11,14,0,39,1,0,1,204,83,5.57,1.403,9.9,2.1,2.7,7.6,2.79,youngal01
T.J. Zeuch,TOR,AL,1,0,1.59,3,1,1,0,0,0,11.1,9,2,2,1,4,0,3,0,0,0,47,284,4.87,1.147,7.1,0.8,3.2,2.4,0.75,zeuchtj01
Kyle Zimmer,KCR,AL,1,0,1.57,16,1,4,0,0,0,23.0,14,4,4,0,10,0,26,1,0,2,91,301,2.36,1.043,5.5,0.0,3.9,10.2,2.60,zimmeky01
Bruce Zimmermann*,BAL,AL,0,0,7.71,2,1,1,0,0,0,7.0,6,6,6,2,2,0,7,2,0,2,31,63,6.62,1.143,7.7,2.6,2.6,9.0,3.50,zimmebr02
Jordan Zimmermann,DET,AL,0,0,7.94,3,2,0,0,0,0,5.2,11,6,5,0,2,0,6,0,0,0,28,60,2.13,2.294,17.5,0.0,3.2,9.5,3.00,zimmejo02
Tyler Zuber,KCR,AL,1,2,4.09,23,0,8,0,0,0,22.0,15,11,10,4,20,1,30,1,0,1,99,115,5.69,1.591,6.1,1.6,8.2,12.3,1.50,zuberty01